YEAR|MINTAGE|G-4|VG-8|F-12|VF-20|EF-40|AU-50|MS-60|MS-63|PF-63|Paren|ADDITIONAL_INFO

1875CC|133290|160.00|185.00|250.00|275.00|450.00|500.00|900.00|2100.00|-1|

1875P|36910|80.00|100.00|125.00|185.00|235.00|270.00|425.00|800.00|1350.00|2790|

1875S|1155000|52.00|57.00|65.00|85.00|125.00|155.00|275.00|625.00|-1|

1876CC|10000|80000.00|-1|

1876P|14640|90.00|125.00|150.00|200.00|250.00|300.00|450.00|750.00|1350.00|1260|

1877P|-1|1000.00|1200.00|2500.00|510|

1878P|-1|900.00|1000.00|2200.00|600|
