YEAR|MINTAGE|G-4|VG-8|F-12|VF-20|EF-40|AU-50|MS-60|MS-63|PF-63|Paren|ADDITIONAL_INFO

1865P|11382000|7.00|9.00|10.00|12.00|15.00|25.00|50.00|90.00|650.00|500|

1866P|4801000|7.00|9.00|10.00|12.00|15.00|25.00|50.00|90.00|160.00|725|

1867P|3915000|7.00|9.00|10.00|12.00|15.00|25.00|50.00|90.00|160.00|625|

1868P|3252000|7.00|9.00|10.00|12.00|15.00|25.00|50.00|90.00|160.00|600|

1869P|1604000|7.00|9.00|10.00|12.00|15.00|25.00|50.00|90.00|160.00|600|

1870P|1335000|7.00|9.00|10.00|12.00|15.00|25.00|50.00|90.00|160.00|1000|

1871P|604000|7.00|9.00|10.00|12.00|15.00|25.00|50.00|100.00|160.00|960|

1872P|862000|7.00|9.00|10.00|12.00|15.00|25.00|50.00|100.00|160.00|950|

1873P|390000|7.00|9.00|10.00|12.00|15.00|25.00|50.00|90.00|160.00|1100|

1874P|790000|8.00|10.00|11.00|13.00|17.00|27.00|60.00|110.00|160.00|700|

1875P|228000|9.00|11.00|12.00|14.00|20.00|32.00|80.00|110.00|160.00|700|

1876P|162000|9.00|11.00|12.00|15.00|22.00|38.00|110.00|125.00|175.00|1150|

1877P|-1|550.00|600.00|900.00|900|

1878P|-1|250.00|375.00|475.00|2350|

1879P|38000|20.00|25.00|30.00|40.00|60.00|75.00|130.00|200.00|200.00|3200|

1880P|21000|40.00|45.00|50.00|60.00|70.00|85.00|150.00|180.00|200.00|3955|

1881P|1077000|7.00|9.00|10.00|12.00|15.00|25.00|50.00|90.00|160.00|3575|

1882P|22200|35.00|45.00|50.00|60.00|80.00|100.00|150.00|200.00|225.00|3100|

1883P|4000|75.00|85.00|100.00|135.00|160.00|180.00|200.00|375.00|235.00|6609|

1884P|1700|155.00|175.00|190.00|250.00|275.00|300.00|400.00|550.00|275.00|3942|

1885P|1000|175.00|200.00|225.00|275.00|325.00|235.00|450.00|550.00|275.00|3790|

1886P|-1|175.00|200.00|250.00|4290|

1887P|5001|120.00|140.00|150.00|160.00|175.00|225.00|250.00|275.00|250.00|2960|

1887P,:7/6|-1|180.00|225.00|275.00|-1|

1888P|36501|20.00|23.00|27.00|35.00|45.00|60.00|140.00|175.00|185.00|4582|

1889P|18125|35.00|45.00|60.00|75.00|100.00|125.00|160.00|210.00|200.00|3436|
