YEAR|MINTAGE|G-4|VG-8|F-12|VF-20|EF-40|AU-50|MS-60|MS-63|PF-63|Paren|ADDITIONAL_INFO

1851O|720000|16.00|20.00|25.00|47.00|75.00|110.00|180.00|260.00|-1|

1851P|5447400|13.00|16.00|18.00|24.00|33.00|70.00|90.00|150.00|-1|

1852P|18663500|13.00|16.00|18.00|24.00|33.00|70.00|85.00|150.00|-1|

1853P|11400000|13.00|16.00|18.00|24.00|33.00|70.00|85.00|150.00|-1|

1854P|671000|14.00|17.00|20.00|26.00|55.00|115.00|175.00|325.00|6000.00|-1|

1855P|139000|16.00|28.00|30.00|50.00|100.00|135.00|275.00|450.00|2200.00|-1|

1856P|1458000|13.00|16.00|26.00|50.00|100.00|150.00|320.00|1800.00|-1|

1857P|1042000|13.00|16.00|26.00|50.00|100.00|150.00|320.00|1800.00|-1|

1858P|1603700|13.00|16.00|26.00|50.00|90.00|150.00|320.00|1200.00|210.00|-1|

1859P|364200|13.00|16.00|20.00|26.00|35.00|75.00|90.00|175.00|275.00|810|

1860P|286000|13.00|16.00|20.00|26.00|35.00|75.00|90.00|175.00|275.00|1000|

1861P|497000|13.00|16.00|20.00|26.00|35.00|75.00|90.00|175.00|275.00|1000|

1862P,:2/1|-1|13.00|16.00|20.00|26.00|35.00|90.00|110.00|225.00|-1|

1862P|343000|13.00|16.00|20.00|26.00|35.00|75.00|90.00|175.00|285.00|550|

1863P|21000|150.00|200.00|275.00|350.00|550.00|320.00|460|

1864P|12000|150.00|200.00|275.00|350.00|550.00|310.00|470|

1865P|8000|175.00|200.00|300.00|375.00|525.00|315.00|500|

1866P|22000|150.00|175.00|275.00|350.00|500.00|315.00|725|

1867P|4000|175.00|200.00|300.00|375.00|525.00|315.00|625|

1868P|3500|175.00|200.00|300.00|375.00|600.00|315.00|600|

1869P|4500|175.00|200.00|300.00|375.00|500.00|315.00|600|

1870P|3000|175.00|200.00|300.00|375.00|500.00|325.00|1000|

1871P|3400|175.00|200.00|300.00|375.00|500.00|325.00|960|

1872P|1000|200.00|225.00|300.00|375.00|600.00|350.00|950|

1873P|-1|400.00|700.00|600|
