YEAR|MINTAGE|F-12|VF-20|EF-40|AU-50|AU-55|MS-60|MS-63|Paren|ADDITIONAL_INFO

1807P|51605|2000.00|3000.00|4000.00|6000.00|7000.00|9000.00|20000.00|-1|

1808P,:All:Kinds|55578|-1|

1808P,:8:Over:7|-1|2250.00|3500.00|4500.00|7000.00|9000.00|12000.00|25000.00|-1|

1808P|-1|2000.00|3000.00|4000.00|6000.00|7000.00|9000.00|18000.00|-1|

1809P,:9:Over:8|33875|2000.00|3000.00|4000.00|6000.00|7000.00|9000.00|18000.00|-1|

1810P|100287|2000.00|3000.00|4000.00|6000.00|7000.00|9000.00|18000.00|-1|

1811P|99581|2000.00|3000.00|4000.00|6000.00|7000.00|9000.00|18000.00|-1|

1812P|58087|2000.00|3000.00|4000.00|6000.00|7000.00|9000.00|18000.00|-1|
