YEAR|MINTAGE|F-12|VF-20|EF-40|AU-50|AU-55|MS-60|MS-63|Paren|ADDITIONAL_INFO

1834P|657460|425.00|475.00|600.00|850.00|1100.00|3000.00|7500.00|-1|

1835P|371534|425.00|475.00|600.00|1000.00|1200.00|3200.00|7500.00|-1|

1836P|553147|425.00|475.00|600.00|1000.00|1200.00|3200.00|9500.00|-1|

1837P|207121|425.00|500.00|600.00|1300.00|1500.00|3500.00|12000.00|-1|

1838C|17179|1000.00|1800.00|3500.00|7500.00|9500.00|25000.00|50000.00|-1|

1838D|20583|1100.00|1750.00|3250.00|6500.00|9000.00|20000.00|40000.00|-1|

1838P|286588|425.00|475.00|600.00|1250.00|1500.00|3500.00|9000.00|-1|
