YEAR|MINTAGE|VF-20|EF-40|AU-50|AU-55|MS-60|MS-63|PF-63|Paren|ADDITIONAL_INFO

1908D|148000|400.00|405.00|425.00|435.00|475.00|1550.00|-1|

1908P|577845|400.00|405.00|425.00|435.00|475.00|1550.00|9000.00|167|

1908S|82000|450.00|500.00|550.00|600.00|950.00|5000.00|-1|

1909D|3423560|400.00|405.00|425.00|435.00|475.00|1550.00|-1|

1909O|34200|2500.00|3750.00|6000.00|8500.00|20000.00|60000.00|-1|

1909P|627060|400.00|405.00|425.00|435.00|475.00|1550.00|9000.00|78|

1909S|297200|400.00|405.00|425.00|435.00|1000.00|8000.00|-1|

1910D|193600|400.00|405.00|425.00|435.00|475.00|2500.00|-1|

1910P|604000|400.00|405.00|425.00|435.00|475.00|1550.00|9000.00|250|

1910S|770200|400.00|405.00|425.00|450.00|650.00|5000.00|-1|

1911D|72500|425.00|650.00|950.00|1250.00|5000.00|35000.00|-1|

1911P|915000|400.00|405.00|425.00|435.00|475.00|1550.00|9000.00|139|

1911S|1416000|400.00|405.00|425.00|500.00|650.00|3500.00|-1|

1912P|790000|400.00|405.00|425.00|435.00|475.00|1550.00|9000.00|144|

1912S|392000|400.00|405.00|425.00|475.00|1100.00|10000.00|-1|

1913P|915901|400.00|405.00|425.00|435.00|475.00|1550.00|9000.00|99|

1913S|408000|400.00|405.00|425.00|550.00|1200.00|10000.00|-1|

1914D|247000|400.00|405.00|425.00|435.00|475.00|1750.00|-1|

1914P|247000|400.00|405.00|425.00|435.00|475.00|1550.00|9000.00|125|

1914S|263000|400.00|405.00|425.00|450.00|1000.00|10000.00|-1|

1915P|588000|400.00|405.00|425.00|435.00|475.00|1500.00|9000.00|75|

1915S|164000|400.00|405.00|425.00|435.00|1500.00|12500.00|-1|

1916S|240000|400.00|405.00|425.00|435.00|550.00|2500.00|-1|

1929P|662000|6500.00|9500.00|10500.00|15000.00|17500.00|26500.00|-1|
