YEAR|MINTAGE|VF-20|EF-40|AU-50|AU-55|MS-60|MS-63|PF-63|Paren|ADDITIONAL_INFO

1854D|1120|7500.00|15000.00|25000.00|35000.00|60000.00|-1|

1854O|24000|875.00|1750.00|3000.00|3500.00|15000.00|25000.00|-1|

1854P|138618|700.00|900.00|1150.00|1250.00|2000.00|5000.00|55000.00|-1|

1855P|50555|650.00|900.00|1200.00|1500.00|2000.00|6000.00|30000.00|-1|

1855S|6600|950.00|1850.00|5000.00|7500.00|17500.00|65000.00|-1|

1856P|26010|700.00|1000.00|1250.00|1800.00|2100.00|6000.00|20000.00|-1|

1856S|34500|750.00|1150.00|2250.00|4500.00|8500.00|17500.00|-1|

1857P|20891|700.00|975.00|1250.00|2000.00|2100.00|7000.00|18500.00|-1|

1857S|14000|775.00|1750.00|4500.00|6000.00|15000.00|-1|

1858P|2133|825.00|1300.00|2000.00|3500.00|6000.00|13500.00|18500.00|-1|

1859P|15558|700.00|900.00|1250.00|1500.00|2000.00|6000.00|18000.00|80|

1860P|7036|725.00|950.00|1250.00|1650.00|2100.00|6000.00|9000.00|1119|

1860S|7000|775.00|1500.00|5000.00|7500.00|14000.00|40000.00|-1|

1861P|5959|700.00|900.00|1500.00|1750.00|3000.00|7000.00|20000.00|113|

1862P|5750|700.00|900.00|1500.00|1750.00|3000.00|7000.00|10000.00|35|

1863P|5000|750.00|950.00|1500.00|1750.00|3000.00|7000.00|10000.00|39|

1864P|2630|750.00|1000.00|1500.00|1750.00|3000.00|7000.00|10000.00|50|

1865P|1140|1000.00|2000.00|4000.00|5000.00|7000.00|13000.00|15000.00|25|

1866P|4000|750.00|950.00|1350.00|1750.00|3000.00|7500.00|10000.00|30|

1867P|2600|750.00|950.00|1350.00|1750.00|3000.00|7500.00|10000.00|50|

1868P|4850|700.00|900.00|1350.00|1750.00|2750.00|7500.00|10000.00|25|

1869P|2500|700.00|900.00|1350.00|1750.00|3000.00|8000.00|10000.00|25|

1870P|3500|700.00|900.00|1500.00|1850.00|3000.00|8000.00|10000.00|35|

1870S|1|-1|

1871P|1300|725.00|1000.00|1350.00|1750.00|3200.00|7000.00|10000.00|30|

1872P|2000|725.00|1000.00|1350.00|1750.00|3200.00|7000.00|10000.00|30|

1873P,:Close:3|-1|2750.00|4500.00|7500.00|12500.00|24000.00|35000.00|20000.00|-1|

1873P,:Open:3|-1|3500.00|5500.00|15000.00|20000.00|25|

1874P|41800|650.00|850.00|1200.00|1250.00|2000.00|4500.00|22000.00|20|

1875P|-1|37500.00|55000.00|85000.00|20|

1876P|-1|12500.00|17500.00|27500.00|45|

1877P|1468|1250.00|3000.00|6000.00|8000.00|15000.00|30000.00|15000.00|20|

1878P|82304|700.00|900.00|1100.00|1250.00|2000.00|4000.00|15000.00|20|

1879P|3000|750.00|925.00|1250.00|1850.00|2100.00|5250.00|12000.00|30|

1880P|1000|750.00|1350.00|1750.00|1900.00|2500.00|5250.00|12000.00|36|

1881P|500|1250.00|2250.00|3750.00|4750.00|5750.00|11000.00|12000.00|54|

1882P|1500|750.00|950.00|1350.00|1750.00|2500.00|5250.00|9000.00|76|

1883P|900|750.00|1250.00|1750.00|2250.00|2750.00|5500.00|9000.00|89|

1884P|1000|750.00|1350.00|1750.00|2250.00|2750.00|5500.00|9000.00|106|

1885P|801|775.00|1350.00|1850.00|2250.00|3500.00|9000.00|10000.00|109|

1886P|1000|750.00|1250.00|1850.00|2250.00|3250.00|6000.00|9000.00|142|

1887P|6000|725.00|950.00|1350.00|1750.00|2500.00|5000.00|9000.00|160|

1888P|5000|700.00|900.00|1150.00|1300.00|2200.00|4500.00|9000.00|291|

1889P|2300|700.00|900.00|1150.00|1300.00|2000.00|4500.00|9000.00|129|
