YEAR|MINTAGE|G-4|VG-8|F-12|EF-40|AU-50|MS-60|MS-63|PF-63|Paren|ADDITIONAL_INFO

1866P,:Rays|14742500|13.00|19.00|22.00|85.00|110.00|125.00|200.00|1250.00|600|

1867P,:Without:Rays|28890500|9.00|10.00|11.00|20.00|25.00|70.00|120.00|200.00|600|

1867P,:Rays|2019000|15.00|22.00|27.00|90.00|125.00|225.00|275.00|16000.00|25|

1868P|28817000|9.00|10.00|11.00|20.00|25.00|70.00|120.00|200.00|600|

1869P|16395000|9.00|10.00|11.00|20.00|25.00|70.00|120.00|200.00|600|

1870P|4806000|9.00|10.00|11.00|20.00|25.00|70.00|120.00|200.00|1000|

1871P|561000|25.00|30.00|50.00|100.00|135.00|180.00|250.00|225.00|960|

1872P|6036000|10.00|11.00|13.00|24.00|50.00|90.00|125.00|200.00|950|

1873P,:Close:3|436050|10.00|11.00|13.00|30.00|55.00|100.00|175.00|200.00|1100|

1873P,:Open:3|4113950|9.00|10.00|11.00|25.00|50.00|90.00|125.00|-1|

1874P|3538000|10.00|11.00|13.00|24.00|50.00|90.00|130.00|200.00|700|

1875P|2097000|12.00|14.00|20.00|40.00|55.00|100.00|140.00|225.00|700|

1876P|2530000|12.00|14.00|20.00|40.00|55.00|100.00|120.00|200.00|1150|

1877P|-1|425.00|900.00|1500.00|900|

1878P|-1|300.00|500.00|950.00|2350|

1879P|25900|180.00|225.00|275.00|325.00|350.00|400.00|475.00|400.00|3200|

1880P|16000|190.00|240.00|290.00|500.00|800.00|1600.00|2500.00|450.00|3955|

1881P|68800|125.00|150.00|175.00|250.00|275.00|350.00|450.00|300.00|3575|

1882P|11472900|8.00|9.00|10.00|19.00|25.00|60.00|100.00|175.00|3100|

1883P|1451500|8.00|9.00|10.00|19.00|25.00|65.00|100.00|180.00|5419|

1883P,:3:Over:2|-1|50.00|110.00|200.00|300.00|400.00|500.00|650.00|-1|
