YEAR|MINTAGE|G-4|VG-8|F-12|VF-20|EF-40|AU-50|MS-60|MS-63|PF-63|Paren|ADDITIONAL_INFO

1892O|390000|125.00|150.00|190.00|210.00|250.00|275.00|460.00|850.00|-1|

1892P|934000|14.00|16.00|30.00|40.00|125.00|160.00|220.00|400.00|475.00|1245|

1892S|1029028|100.00|120.00|175.00|200.00|240.00|300.00|475.00|1200.00|-1|

1893O|1389000|15.00|25.00|32.00|65.00|160.00|200.00|310.00|750.00|-1|

1893P|1826000|13.00|14.00|28.00|40.00|100.00|150.00|300.00|700.00|475.00|792|

1893S|740000|65.00|85.00|100.00|160.00|240.00|325.00|620.00|2000.00|-1|

1894O|2138000|13.00|14.00|30.00|50.00|130.00|160.00|260.00|500.00|-1|

1894P|1148000|14.00|20.00|32.00|60.00|130.00|170.00|270.00|500.00|475.00|972|

1894S|4048690|13.00|14.00|28.00|45.00|120.00|150.00|255.00|675.00|-1|

1895O|1766000|13.50|14.50|28.00|50.00|110.00|165.00|275.00|675.00|-1|

1895P|1834338|13.00|14.00|28.00|40.00|110.00|150.00|260.00|500.00|475.00|880|

1895S|1108086|14.00|18.00|40.00|70.00|125.00|175.00|275.00|650.00|-1|

1896O|924000|15.00|20.00|65.00|100.00|175.00|300.00|650.00|2750.00|-1|

1896P|950000|13.00|14.00|28.00|50.00|110.00|150.00|275.00|425.00|500.00|762|

1896S|1140948|38.00|50.00|75.00|135.00|185.00|240.00|600.00|1600.00|-1|

1897O|632000|60.00|100.00|200.00|325.00|400.00|550.00|800.00|1600.00|-1|

1897P|2480000|13.00|14.00|17.00|35.00|65.00|140.00|220.00|400.00|500.00|731|

1897S|933900|55.00|85.00|120.00|210.00|350.00|450.00|675.00|1500.00|-1|

1898O|874000|14.00|25.00|100.00|125.00|185.00|250.00|475.00|1600.00|-1|

1898P|2956000|13.00|14.00|16.00|30.00|75.00|150.00|200.00|400.00|500.00|735|

1898S|2358550|13.50|14.00|25.00|60.00|100.00|150.00|400.00|1700.00|-1|

1899O|1724000|13.50|14.00|25.00|60.00|120.00|160.00|325.00|700.00|-1|

1899P|5538000|13.00|14.00|16.00|30.00|65.00|140.00|200.00|400.00|500.00|846|

1899S|1686411|13.00|14.00|30.00|50.00|100.00|150.00|300.00|1000.00|-1|

1900O|2744000|13.00|14.00|22.00|60.00|135.00|160.00|325.00|1450.00|-1|

1900P|4762000|13.00|14.00|16.00|35.00|65.00|140.00|200.00|400.00|475.00|912|

1900S|2560322|13.00|14.00|18.00|40.00|100.00|140.00|275.00|1100.00|-1|

1901O|1124000|13.00|15.00|28.00|75.00|140.00|200.00|700.00|2600.00|-1|

1901P|4268000|13.00|14.00|16.00|30.00|65.00|150.00|200.00|400.00|475.00|813|

1901S|847044|15.00|23.00|75.00|160.00|285.00|450.00|900.00|3100.00|-1|

1902O|2526000|13.00|14.00|20.00|40.00|90.00|150.00|350.00|1750.00|-1|

1902P|4922000|13.00|14.00|16.00|30.00|65.00|150.00|200.00|425.00|475.00|777|

1902S|1460070|13.00|14.00|22.00|50.00|110.00|165.00|350.00|1000.00|-1|

1903O|2100000|13.00|14.00|18.00|40.00|90.00|160.00|300.00|1000.00|-1|

1903P|2278000|13.00|14.00|16.00|35.00|70.00|150.00|210.00|750.00|475.00|755|

1903S|1920772|13.00|14.00|18.00|40.00|95.00|170.00|300.00|1000.00|-1|

1904O|1117600|13.00|14.50|30.00|90.00|150.00|225.00|550.00|1500.00|-1|

1904P|2992000|13.00|14.00|16.00|30.00|65.00|140.00|200.00|550.00|475.00|670|

1904S|553038|16.00|30.00|120.00|250.00|500.00|800.00|3600.00|8500.00|-1|

1905O|505000|14.00|16.00|45.00|90.00|140.00|175.00|350.00|850.00|-1|

1905P|662000|13.00|14.50|30.00|50.00|110.00|140.00|230.00|700.00|475.00|727|

1905S|2494000|13.00|14.00|18.00|40.00|90.00|150.00|300.00|900.00|-1|

1906D|4028000|13.00|14.00|15.00|36.00|75.00|120.00|200.00|400.00|-1|

1906O|2446000|13.00|14.00|16.00|38.00|80.00|120.00|275.00|700.00|-1|

1906P|2638000|13.00|14.00|16.00|36.00|75.00|120.00|200.00|400.00|475.00|675|

1906S|1740154|13.00|14.00|18.00|40.00|90.00|120.00|275.00|525.00|-1|

1907D|3856000|13.00|14.00|16.00|32.00|70.00|120.00|200.00|400.00|-1|

1907O|3946600|13.00|14.00|16.00|32.00|70.00|140.00|220.00|400.00|-1|

1907P|2598000|13.00|14.00|16.00|32.00|70.00|120.00|200.00|400.00|475.00|575|

1907S|1250000|13.00|14.00|25.00|75.00|120.00|275.00|525.00|2750.00|-1|

1908D|3280000|13.00|14.00|16.00|30.00|65.00|120.00|200.00|400.00|-1|

1908O|5360000|13.00|14.00|16.00|30.00|70.00|120.00|210.00|425.00|-1|

1908P|1354000|13.00|14.00|16.00|30.00|70.00|120.00|200.00|400.00|475.00|545|

1908S|1644828|13.00|14.00|20.00|50.00|110.00|170.00|350.00|1200.00|-1|

1909O|925400|13.00|14.00|20.00|45.00|120.00|200.00|350.00|850.00|-1|

1909P|2368000|13.00|14.00|16.00|40.00|65.00|120.00|200.00|400.00|475.00|650|

1909S|1764000|13.00|14.00|16.00|35.00|90.00|140.00|260.00|550.00|-1|

1910P|418000|13.00|14.50|30.00|55.00|130.00|150.00|290.00|500.00|475.00|551|

1910S|1948000|13.00|14.00|16.00|35.00|85.00|130.00|250.00|900.00|-1|

1911D|695080|13.00|14.00|16.00|32.00|75.00|125.00|240.00|425.00|-1|

1911P|1406000|13.00|14.00|15.00|30.00|65.00|120.00|180.00|425.00|475.00|543|

1911S|1272000|13.00|14.00|16.00|32.00|75.00|130.00|250.00|600.00|-1|

1912D|2300800|13.00|14.00|15.00|30.00|70.00|120.00|200.00|400.00|-1|

1912P|1550000|13.00|14.00|15.00|30.00|70.00|120.00|200.00|400.00|475.00|700|

1912S|1370000|13.00|14.00|16.00|32.00|75.00|130.00|240.00|475.00|-1|

1913D|534000|13.50|14.00|18.00|35.00|90.00|120.00|225.00|425.00|-1|

1913P|188000|30.00|35.00|90.00|165.00|265.00|350.00|500.00|800.00|550.00|627|

1913S|604000|13.50|15.00|20.00|40.00|100.00|140.00|275.00|550.00|-1|

1914P|124230|65.00|75.00|140.00|225.00|300.00|425.00|600.00|900.00|750.00|380|

1914S|992000|13.00|14.00|16.00|40.00|80.00|140.00|275.00|500.00|-1|

1915D|1170400|13.00|14.00|15.00|30.00|65.00|130.00|200.00|400.00|-1|

1915P|138000|45.00|70.00|120.00|150.00|250.00|380.00|600.00|1100.00|750.00|450|

1915S|1604000|13.00|14.00|15.00|30.00|65.00|130.00|200.00|400.00|-1|
