YEAR|MINTAGE|VF-20|EF-40|MS-60|MS-63|MS-65|PF-63|PF-65|Paren|ADDITIONAL_INFO

1948D|4028600|12.00|12.00|13.00|14.00|65.00|-1|

1948P|3006814|12.00|12.00|13.00|15.00|40.00|-1|

1949D|4120600|12.00|12.00|17.00|24.00|350.00|-1|

1949P|5614000|12.00|12.00|16.00|25.00|70.00|-1|

1949S|3744000|12.00|12.00|25.00|35.00|60.00|-1|

1950D|8031600|12.00|12.00|13.00|17.00|125.00|-1|

1950P|7742123|12.00|12.00|14.00|18.00|50.00|125.00|200.00|51386|

1951D|9475200|12.00|12.00|15.00|18.00|75.00|-1|

1951P|16802102|12.00|12.00|13.00|14.00|30.00|90.00|150.00|57500|

1951S|13696000|12.00|12.00|14.00|16.00|35.00|-1|

1952D|25395600|12.00|12.00|13.00|14.00|60.00|-1|

1952P|21192093|12.00|12.00|13.00|14.00|35.00|50.00|100.00|81980|

1952S|5526000|12.00|12.00|20.00|25.00|50.00|-1|

1953D|20900400|12.00|12.00|13.00|14.00|50.00|-1|

1953P|2668120|12.00|12.00|13.00|15.00|35.00|35.00|65.00|128800|

1953S|4148000|12.00|12.00|14.00|18.00|30.00|-1|

1954D|25445580|12.00|12.00|13.00|15.00|50.00|-1|

1954P|13188202|12.00|12.00|13.00|14.00|27.00|20.00|45.00|233300|

1954S|4993400|12.00|12.00|13.00|15.00|20.00|-1|

1955P|2498181|12.00|12.00|14.00|16.00|30.00|20.00|40.00|378200|

1956P|4032000|12.00|12.00|13.00|15.00|20.00|15.00|20.00|669384|

1957D|19966850|12.00|12.00|13.00|14.00|22.00|-1|

1957P|5114000|12.00|12.00|13.00|14.00|20.00|13.00|14.00|1247952|

1958D|23962412|12.00|12.00|13.00|14.00|20.00|-1|

1958P|4042000|12.00|12.00|13.00|14.00|20.00|13.00|16.00|875652|

1959D|13053720|12.00|12.00|13.00|14.00|45.00|-1|

1959P|6200000|12.00|12.00|13.00|14.00|32.00|12.00|13.00|1149291|

1960D|18215812|12.00|12.00|13.00|14.00|80.00|-1|

1960P|6024000|12.00|12.00|13.00|14.00|50.00|12.00|13.00|1691602|

1961D|20276000|12.00|12.00|13.00|14.00|60.00|-1|

1961P|8290000|12.00|12.00|13.00|14.00|30.00|12.00|13.00|3028244|

1962D|35473000|12.00|12.00|13.00|14.00|60.00|-1|

1962P|9714000|12.00|12.00|13.00|14.00|50.00|12.00|13.00|3218019|

1963D|67069292|12.00|12.00|13.00|14.00|18.00|-1|

1963P|22164000|12.00|12.00|13.00|14.00|18.00|12.00|13.00|3075645|
