YEAR|MINTAGE|G-4|VG-8|F-12|VF-20|EF-40|AU-50|MS-60|MS-63|PF-63|PF-65|Paren|ADDITIONAL_INFO

1916D,:Obverse:Mintmark|1014400|20.00|26.00|35.00|70.00|115.00|145.00|200.00|300.00|-1|

1916P|608000|20.00|25.00|40.00|90.00|125.00|150.00|200.00|250.00|-1|

1916S,:Obverse:Mintmark|508000|50.00|65.00|110.00|225.00|325.00|400.00|650.00|1200.00|-1|

1917D,:Obverse:Mintmark|765400|12.00|16.00|32.00|70.00|110.00|150.00|275.00|650.00|-1|

1917D,:Reverse:Mintmark|1940000|12.00|13.00|25.00|60.00|140.00|250.00|450.00|950.00|-1|

1917P|12292000|12.00|12.00|13.00|14.00|20.00|35.00|75.00|120.00|-1|

1917S,:Obverse:Mintmark|952000|15.00|22.00|60.00|165.00|375.00|700.00|1300.00|2500.00|-1|

1917S,:Reverse:Mintmark|5554000|12.00|13.00|14.00|20.00|38.00|85.00|175.00|900.00|-1|

1918D|3853000|12.00|13.00|16.00|45.00|120.00|250.00|650.00|1400.00|-1|

1918P|6634000|12.00|13.00|15.00|35.00|90.00|150.00|300.00|650.00|-1|

1918S|10282000|12.00|13.00|14.00|20.00|40.00|100.00|250.00|1300.00|-1|

1919D|1165000|14.00|20.00|40.00|160.00|350.00|850.00|2500.00|8500.00|-1|

1919P|962000|12.00|18.00|35.00|150.00|275.00|400.00|650.00|1800.00|-1|

1919S|1552000|14.00|18.00|35.00|140.00|400.00|900.00|1600.00|5200.00|-1|

1920D|1551000|12.00|14.00|30.00|120.00|240.00|450.00|750.00|2200.00|-1|

1920P|6372000|12.00|13.00|14.00|22.00|45.00|85.00|150.00|350.00|-1|

1920S|4624000|12.00|13.00|14.00|40.00|110.00|220.00|400.00|1500.00|-1|

1921D|208000|175.00|200.00|300.00|500.00|1000.00|1800.00|2500.00|6500.00|-1|

1921P|246000|90.00|120.00|175.00|450.00|800.00|1400.00|2200.00|4750.00|-1|

1921S|548000|25.00|35.00|110.00|450.00|2500.00|4400.00|7000.00|15000.00|-1|

1923S|2178000|12.00|12.00|14.00|55.00|185.00|400.00|1000.00|1800.00|-1|

1927S|2392000|12.00|12.00|12.00|25.00|70.00|200.00|600.00|1200.00|-1|

1928S|1940000|12.00|12.00|15.00|35.00|75.00|220.00|600.00|1300.00|-1|

1929D|1001200|12.00|12.00|13.00|15.00|45.00|140.00|225.00|400.00|-1|

1929S|1902000|12.00|12.00|12.00|15.00|50.00|140.00|225.00|500.00|-1|

1933S|1786000|12.00|12.00|12.00|15.00|30.00|140.00|320.00|650.00|-1|

1934D|2361000|12.00|12.00|12.00|12.00|18.00|45.00|75.00|125.00|-1|

1934P|6964000|12.00|12.00|12.00|12.00|12.00|14.00|40.00|50.00|-1|

1934S|3652000|12.00|12.00|12.00|12.00|15.00|60.00|175.00|450.00|-1|

1935D|3003800|12.00|12.00|12.00|12.00|18.00|30.00|75.00|125.00|-1|

1935P|9162000|12.00|12.00|12.00|12.00|12.00|14.00|25.00|40.00|-1|

1935S|3854000|12.00|12.00|12.00|12.00|18.00|60.00|125.00|235.00|-1|

1936D|4252400|12.00|12.00|12.00|12.00|14.00|20.00|45.00|60.00|-1|

1936P|12614000|12.00|12.00|12.00|12.00|12.00|13.00|27.00|40.00|1000.00|2000.00|3901|

1936S|3884000|12.00|12.00|12.00|12.00|14.00|22.00|75.00|90.00|-1|

1937D|1676000|12.00|12.00|12.00|12.00|18.00|50.00|120.00|150.00|-1|

1937P|9522000|12.00|12.00|12.00|12.00|12.00|13.00|22.00|35.00|280.00|700.00|5728|

1937S|2090000|12.00|12.00|12.00|12.00|14.00|32.00|85.00|120.00|-1|

1938D|491600|40.00|50.00|70.00|80.00|95.00|140.00|275.00|350.00|-1|

1938P|4110000|12.00|12.00|12.00|12.00|13.00|25.00|35.00|65.00|225.00|450.00|8152|

1939D|4267800|12.00|12.00|12.00|12.00|12.00|13.00|22.00|40.00|-1|

1939P|6812000|12.00|12.00|12.00|12.00|12.00|13.00|22.00|35.00|200.00|300.00|8808|

1939S|2552000|12.00|12.00|12.00|12.00|14.00|35.00|70.00|90.00|-1|

1940P|9156000|12.00|12.00|12.00|12.00|12.00|15.00|22.00|200.00|300.00|11279|

1940S|4550000|12.00|12.00|12.00|12.00|13.00|30.00|40.00|-1|

1941D|11248400|12.00|12.00|12.00|12.00|13.00|18.00|35.00|-1|

1941P|24192000|12.00|12.00|12.00|12.00|12.00|16.00|30.00|200.00|300.00|15412|

1941S|8098000|12.00|12.00|12.00|12.00|15.00|32.00|55.00|-1|

1942D|10973800|12.00|12.00|12.00|12.00|13.00|18.00|35.00|-1|

1942P|47818000|12.00|12.00|12.00|12.00|12.00|15.00|25.00|200.00|300.00|21120|

1942S|12708000|12.00|12.00|12.00|12.00|13.00|20.00|28.00|-1|

1943D|11346000|12.00|12.00|12.00|12.00|13.00|22.00|32.00|-1|

1943P|53190000|12.00|12.00|12.00|12.00|12.00|15.00|21.00|-1|

1943S|13450000|12.00|12.00|12.00|12.00|13.00|20.00|35.00|-1|

1944D|9769000|12.00|12.00|12.00|12.00|13.00|18.00|25.00|-1|

1944P|28206000|12.00|12.00|12.00|12.00|12.00|15.00|21.00|-1|

1944S|8904000|12.00|12.00|12.00|12.00|13.00|16.00|28.00|-1|

1945D|9966800|12.00|12.00|12.00|12.00|13.00|15.00|22.00|-1|

1945P|31502000|12.00|12.00|12.00|12.00|12.00|15.00|21.00|-1|

1945S|10156000|12.00|12.00|12.00|12.00|13.00|15.00|25.00|-1|

1946D|2151000|12.00|12.00|12.00|12.00|13.00|16.00|22.00|-1|

1946P|12118000|12.00|12.00|12.00|12.00|12.00|15.00|21.00|-1|

1946S|3724000|12.00|12.00|12.00|12.00|13.00|16.00|22.00|-1|

1947D|3900600|12.00|12.00|12.00|12.00|13.00|16.00|22.00|-1|

1947P|4094000|12.00|12.00|12.00|12.00|12.00|16.00|22.00|-1|
