YEAR|MINTAGE|G-4|VG-8|F-12|VF-20|EF-40|AU-50|MS-60|MS-63|PF-63|Paren|ADDITIONAL_INFO

1856P|2000|4200.00|4800.00|5200.00|6750.00|8000.00|9000.00|11000.00|13500.00|13250.00|-1|

1857P|17450000|13.00|16.00|20.00|28.00|80.00|100.00|200.00|350.00|4000.00|100|

1858P,:Large:Letters|24600000|13.00|16.00|20.00|28.00|80.00|100.00|200.00|350.00|4000.00|100|

1858P,:8:Over:7|-1|50.00|110.00|210.00|420.00|725.00|1900.00|5000.00|-1|

1858P,:Small:Letters|-1|13.00|16.00|20.00|28.00|80.00|100.00|200.00|350.00|4000.00|200|
