YEAR|MINTAGE|G-4|VG-8|F-12|VF-20|EF-40|AU-50|MS-60|MS-63|MS-65|PF-63|PF-65|Paren|ADDITIONAL_INFO

1909P,:V.D.B.|27995000|6.00|6.50|7.00|8.00|9.00|10.00|12.00|15.00|1300.00|1194|

1909P|72702618|1.00|1.25|1.60|2.00|2.50|6.00|8.50|15.00|225.00|2618|

1909S,:V.D.B.|484000|450.00|500.00|550.00|725.00|825.00|975.00|1150.00|1400.00|-1|

1909S|1825000|50.00|60.00|70.00|95.00|150.00|165.00|200.00|235.00|-1|

1910P|146801218|0.07|0.10|0.15|0.30|1.00|2.50|9.00|13.00|150.00|4118|

1910S|6045000|7.50|9.00|11.00|12.00|25.00|40.00|55.00|70.00|-1|

1911D|12672000|2.25|3.00|4.50|9.00|21.00|35.00|50.00|70.00|-1|

1911P|101177787|0.10|0.15|0.30|0.50|1.50|3.50|11.00|25.00|175.00|1725|

1911S|4026000|18.00|25.00|30.00|35.00|45.00|60.00|110.00|150.00|-1|

1912D|10411000|2.75|3.50|4.25|10.00|25.00|40.00|75.00|120.00|-1|

1912P|68153060|0.15|0.25|0.70|2.00|2.50|8.00|17.00|25.00|150.00|2172|

1912S|4431000|11.00|13.00|15.00|18.00|35.00|47.00|90.00|125.00|-1|

1913D|15804000|0.75|1.00|1.50|3.50|20.00|26.00|50.00|100.00|-1|

1913P|76532352|0.15|0.20|0.50|1.50|8.00|12.00|16.00|25.00|160.00|2983|

1913S|6101000|5.50|6.75|9.00|12.00|27.00|50.00|85.00|135.00|-1|

1914D|1193000|100.00|125.00|200.00|250.00|450.00|800.00|1100.00|2000.00|-1|

1914P|75238432|0.20|0.30|0.75|2.00|6.50|17.00|25.00|37.00|180.00|1365|

1914S|4137000|11.00|14.00|16.00|19.00|40.00|90.00|175.00|260.00|-1|

1915D|22050000|0.50|1.00|1.50|2.25|9.00|22.00|45.00|60.00|-1|

1915P|29092120|0.40|1.00|2.00|8.00|26.00|35.00|46.00|65.00|275.00|1150|

1915S|4833000|8.00|9.00|11.00|14.00|30.00|60.00|100.00|150.00|-1|

1916D|35956000|0.10|0.20|0.50|1.50|5.50|12.00|35.00|65.00|-1|

1916P|131833677|0.05|0.08|0.15|0.50|2.00|5.00|10.00|15.00|450.00|1050|

1916S|22510000|0.50|0.75|1.50|3.00|10.00|20.00|45.00|90.00|-1|

1917D|55120000|0.10|0.20|0.40|1.50|14.00|19.00|39.00|70.00|-1|

1917P|196429785|0.05|0.07|0.10|0.25|0.60|3.00|10.00|15.00|-1|

1917S|32620000|0.08|0.10|0.25|0.50|2.75|12.00|35.00|65.00|-1|

1918P|288104634|0.04|0.05|0.10|0.20|1.00|3.00|6.00|15.00|-1|

1933D|6200000|1.00|1.25|1.50|2.50|4.25|7.00|13.00|16.00|-1|

1934P|219080000|0.03|0.03|0.03|0.03|0.10|1.00|3.00|4.50|-1|

1942S|85590000|0.02|0.03|0.03|0.03|0.10|1.00|2.25|6.00|-1|

1943D|217660000|0.05|0.10|0.15|0.90|2.00|4.50|-1|Variety 2 - Zinc-Coated Steel

1943P|684628670|0.05|0.10|0.15|0.70|1.25|3.00|-1|Variety 2 - Zinc-Coated Steel

1943S|191550000|0.06|0.12|0.20|1.20|2.75|8.50|-1|Variety 2 - Zinc-Coated Steel

1944D|430578000|0.03|0.03|0.20|1.50|-1|Variety 1 Resumed - Bronze

1944D,:D:Over:S|-1|75.00|90.00|225.00|600.00|-1|Variety 1 Resumed - Bronze

1944P|1435400000|0.03|0.03|0.25|1.60|-1|Variety 1 Resumed - Bronze

1944S|282760000|0.03|0.03|0.20|1.50|-1|Variety 1 Resumed - Bronze

1945D|266268000|0.03|0.03|0.15|0.50|-1|Variety 1 Resumed - Bronze

1945P|1040515000|0.03|0.03|0.20|0.50|-1|Variety 1 Resumed - Bronze

1945S|181770000|0.03|0.03|0.10|2.00|-1|Variety 1 Resumed - Bronze

1946D|315690000|0.03|0.03|0.15|1.00|-1|Variety 1 Resumed - Bronze

1946P|991655000|0.03|0.03|0.10|0.50|-1|Variety 1 Resumed - Bronze

1946S|198100000|0.03|0.03|0.15|1.25|-1|Variety 1 Resumed - Bronze

1947D|194750000|0.03|0.03|0.12|0.50|-1|Variety 1 Resumed - Bronze

1947P|190555000|0.03|0.03|0.25|0.50|-1|Variety 1 Resumed - Bronze

1947S|99000000|0.03|0.03|0.15|1.50|-1|Variety 1 Resumed - Bronze

1948D|172637500|0.03|0.03|0.12|0.60|-1|Variety 1 Resumed - Bronze

1948P|317570000|0.03|0.03|0.15|0.50|-1|Variety 1 Resumed - Bronze

1948S|81735000|0.03|0.03|0.20|1.50|-1|Variety 1 Resumed - Bronze

1949D|153132500|0.03|0.03|0.20|0.75|-1|Variety 1 Resumed - Bronze

1949P|217775000|0.03|0.03|0.30|0.75|-1|Variety 1 Resumed - Bronze

1949S|64290000|0.04|0.05|0.50|2.00|-1|Variety 1 Resumed - Bronze

1950D|334950000|0.03|0.03|0.10|0.50|-1|Variety 1 Resumed - Bronze

1950P|272635000|0.03|0.03|0.25|0.50|37.00|51386|Variety 1 Resumed - Bronze

1950S|118505000|0.03|0.03|0.25|0.80|-1|Variety 1 Resumed - Bronze

1951D|625355000|0.03|0.03|0.10|0.50|-1|Variety 1 Resumed - Bronze

1951P|284576000|0.03|0.03|0.25|0.80|35.00|57500|Variety 1 Resumed - Bronze

1951S|136010000|0.03|0.03|0.25|0.60|-1|Variety 1 Resumed - Bronze

1956D|1098201100|0.03|0.03|0.05|0.30|-1|Variety 1 Resumed - Bronze

1956P|420745000|0.03|0.03|0.05|0.25|6.00|669384|Variety 1 Resumed - Bronze

1957D|1051342000|0.03|0.03|0.05|0.30|-1|Variety 1 Resumed - Bronze

1957P|282540000|0.03|0.03|0.05|0.30|6.00|1247952|Variety 1 Resumed - Bronze

1958D|800953300|0.03|0.03|0.05|0.30|-1|Variety 1 Resumed - Bronze

1958P|252525000|0.03|0.03|0.05|0.30|5.00|875652|Variety 1 Resumed - Bronze
