PO-1|1.00|11|1
FR-2|2.00|10|2
AG-3|3.00|9|3
G-4|4.00|8|4
G-6|6.00|8|5
VG-8|8.00|7|6
VG-10|10.00|7|7
F-12|12.00|6|8
F-15|15.00|6|9
VF-20|20.00|5|10
VF-25|25.00|5|11
VF-30|30.00|5|12
VF-35|35.00|5|13
EF-40|40.00|4|14
EF-45|45.00|4|15
EF-45+|45.01|4|16
AU-50|50.00|3|17
AU-50+|50.01|3|18
AU-53|53.00|3|19
AU-53+|53.01|3|20
AU-55|55.00|3|21
AU-55+|55.01|3|22
AU-58|58.00|3|23
AU-58+|58.01|3|24
MS-60|60.00|2|25
MS-61|61.00|2|26
MS-62|62.00|2|27
MS-62+|62.01|2|28
MS-63|63.00|2|29
MS-63+|63.01|2|30
MS-64|64.00|2|31
MS-64+|64.01|2|32
MS-65|65.00|2|33
MS-65+|65.01|2|34
MS-66|66.00|2|35
MS-66+|66.01|2|36
MS-67|67.00|2|37
MS-67+|67.01|2|38
MS-68|68.00|2|39
MS-68+|68.01|2|40
MS-69|69.00|2|41
MS-70|70.00|2|42
PF-60|60.00|1|43
PF-61|61.00|1|44
PF-62|62.00|1|45
PF-62+|62.01|1|46
PF-63|63.00|1|47
PF-63+|63.01|1|48
PF-64|64.00|1|49
PF-64+|64.01|1|50
PF-65|65.00|1|51
PF-65+|65.01|1|52
PF-66|66.00|1|53
PF-66+|66.01|1|54
PF-67|67.00|1|55
PF-67+|67.01|1|56
PF-68|68.00|1|57
PF-68+|68.01|1|58
PF-69|69.00|1|59
PF-70|70.00|1|60


