YEAR|MINTAGE|AG-3|G-4|VG-8|F-12|VF-20|EF-40|Paren|ADDITIONAL_INFO

1808P|1007000|13.00|24.00|60.00|150.00|275.00|925.00|-1|

1809P|222867|22.00|50.00|110.00|225.00|650.00|1800.00|-1|

1810P,:10:Over:09|-1|12.00|24.00|45.00|120.00|300.00|750.00|-1|

1810P,:Normal:Date|-1|12.00|24.00|35.00|120.00|260.00|700.00|-1|

1810P,:All:Kinds|1458500|-1|

1811P,:All:Kinds|218025|-1|

1811P,:Last:1:Over:0|-1|16.00|33.00|60.00|210.00|800.00|2500.00|-1|

1811P,:Normal:Date|-1|15.00|35.00|70.00|150.00|400.00|850.00|-1|

1812P|1075500|11.00|22.00|35.00|110.00|250.00|650.00|-1|

1813P|418000|13.00|24.00|50.00|125.00|285.00|650.00|-1|

1814P|357830|11.00|22.00|35.00|110.00|250.00|600.00|-1|
