YEAR|MINTAGE|AG-3|G-4|VG-8|F-12|VF-20|EF-40|Paren|ADDITIONAL_INFO

1796P|363375|40.00|70.00|150.00|300.00|900.00|2000.00|-1|

1796P,:LIHERTY:Error|-1|80.00|135.00|325.00|550.00|1750.00|4250.00|-1|

1797P,:All:Kinds|897510|-1|

1797P,:Gripped:Edge:-:1796:Reverse|-1|25.00|65.00|125.00|225.00|425.00|1550.00|-1|

1797P,:Plain:Edge:-:1796:Reverse|-1|25.00|65.00|125.00|230.00|450.00|1700.00|-1|

1797P,:1797:Reverse:-:With:Stems|-1|20.00|50.00|100.00|150.00|235.00|825.00|-1|

1797P,:1797:Reverse:-:Stemless|-1|25.00|65.00|125.00|250.00|650.00|2300.00|-1|

1798P,:8:Over:7|-1|25.00|65.00|135.00|225.00|800.00|2700.00|-1|

1798P|-1|15.00|35.00|50.00|110.00|225.00|900.00|-1|

1798P,:All:Kinds|1841745|-1|

1799P,:9:Over:8|-1|700.00|1400.00|2500.00|6000.00|16500.00|-1|

1799P,:Normal:Date|-1|650.00|1300.00|2200.00|5600.00|14500.00|-1|

1800P,:All:Kinds|2822175|-1|

1800P,:1800:Over:1798|-1|13.00|28.00|55.00|115.00|500.00|1500.00|-1|

1800P,:80:Over:79|-1|13.00|28.00|50.00|100.00|235.00|1100.00|-1|

1800P,:Normal:Date|-1|13.00|28.00|50.00|100.00|225.00|1000.00|-1|

1801P,:All:Kinds|1362837|-1|

1801P,:Normal:Reverse|-1|12.00|22.00|30.00|75.00|200.00|525.00|-1|

1801P,:3:Errors:-:1/000:-:One:Stem:-:and:IINITED|-1|25.00|65.00|120.00|325.00|1000.00|3200.00|-1|

1801P,:Fraction:1/000|-1|12.00|27.00|40.00|120.00|225.00|825.00|-1|

1801P,:1/100:Over:1/000|-1|13.00|28.00|42.00|125.00|275.00|950.00|-1|

1802P,:All:Kinds|3435100|-1|

1802P,:Normal:Reverse|-1|12.00|24.00|40.00|90.00|175.00|525.00|-1|

1802P,:Fraction:1/000|-1|13.00|30.00|50.00|120.00|250.00|900.00|-1|

1802P,:Stemless:Wreath|-1|12.00|24.00|40.00|90.00|175.00|525.00|-1|

1803P,:All:Kinds|3131691|-1|

1803P,:Small:Date:-:Small:Fraction|-1|12.00|24.00|40.00|80.00|175.00|525.00|-1|

1803P,:Small:Date:-:Large:Fraction|-1|12.00|24.00|40.00|80.00|175.00|525.00|-1|

1803P,:Large:Date:-:Small:Fraction|-1|1000.00|2300.00|4000.00|8250.00|15000.00|-1|

1803P,:Large:Date:-:Large:Fraction|-1|18.00|33.00|80.00|150.00|425.00|1400.00|-1|

1803P,:1/100:Over:1/000|-1|12.00|27.00|50.00|100.00|225.00|700.00|-1|

1803P,:Stemless:Wreath|-1|12.00|27.00|50.00|100.00|225.00|700.00|-1|

1804P|96500|350.00|750.00|1200.00|2400.00|3250.00|7000.00|-1|

1805P|941116|12.00|24.00|40.00|80.00|175.00|500.00|-1|

1806P|348000|12.00|27.00|50.00|95.00|225.00|875.00|-1|

1807P,:All:Kinds|829221|-1|

1807P,:Small:7:Over:6:-:Blunt:1|-1|410.00|1200.00|2200.00|4500.00|8200.00|17000.00|-1|

1807P,:Large:7:Over:6|-1|12.00|24.00|35.00|70.00|175.00|550.00|-1|

1807P,:Small:Fraction|-1|12.00|24.00|35.00|70.00|225.00|600.00|-1|

1807P,:Large:Fraction|-1|12.00|24.00|35.00|70.00|200.00|500.00|-1|
