YEAR|MINTAGE|AG-3|G-4|VG-8|F-12|VF-20|EF-40|Paren|ADDITIONAL_INFO

1793P|11056|1100.00|2200.00|4000.00|8000.00|20000.00|36000.00|-1|

1794P,:Head:of:1793|-1|225.00|700.00|1400.00|1800.00|4250.00|10000.00|-1|

1794P,:Head:of:1794|-1|50.00|125.00|200.00|400.00|800.00|1750.00|-1|

1794P,:Head:of:1795|-1|50.00|125.00|200.00|400.00|800.00|1750.00|-1|

1794P,:All:Kinds|918521|-1|

1795P,:Lettered:Edge|37000|50.00|130.00|200.00|400.00|900.00|2400.00|-1|

1795P,:Plain:Edge|501500|35.00|115.00|225.00|350.00|700.00|1500.00|-1|

1796P|109825|75.00|180.00|275.00|600.00|1000.00|2300.00|-1|
