YEAR|MINTAGE|G-4|VG-8|F-12|VF-20|EF-40|AU-50|MS-60|MS-63|Paren|ADDITIONAL_INFO

1816P|2820982|8.00|11.00|16.00|32.00|70.00|125.00|250.00|375.00|-1|Matron Head

1817P,:15:Stars|-1|11.00|13.00|18.00|60.00|275.00|400.00|1200.00|-1|Matron Head

1817P,:13:Stars|3948400|8.00|10.00|14.00|27.00|50.00|100.00|200.00|350.00|-1|Matron Head

1818P|3167000|8.00|10.00|14.00|27.00|50.00|90.00|225.00|325.00|-1|Matron Head

1819P|2671000|9.00|11.00|15.00|27.00|55.00|125.00|185.00|350.00|-1|Matron Head

1819P,:9:Over:8|-1|10.00|13.00|18.00|36.00|150.00|175.00|300.00|550.00|-1|Matron Head

1820P|4407550|8.00|10.00|13.00|30.00|60.00|100.00|200.00|350.00|-1|Matron Head

1820P,:20:Over:19|-1|10.00|13.00|18.00|45.00|150.00|200.00|500.00|700.00|-1|Matron Head

1821P|389000|16.00|27.00|60.00|185.00|500.00|1000.00|3600.00|-1|Matron Head

1822P|2072339|9.00|12.00|22.00|50.00|100.00|275.00|475.00|775.00|-1|Matron Head

1823P,:3:Over:2|-1|27.00|50.00|150.00|300.00|1000.00|1900.00|3400.00|-1|Matron Head

1823P,:Normal:Date|-1|30.00|55.00|175.00|425.00|1400.00|3000.00|5000.00|-1|Matron Head

1824P,:4:Over:2|-1|10.00|18.00|40.00|150.00|550.00|1200.00|2500.00|3750.00|-1|Matron Head

1824P,:Normal:Date|1262000|8.00|10.00|16.00|75.00|210.00|350.00|950.00|1600.00|-1|Matron Head

1825P|1461100|8.00|10.00|16.00|45.00|150.00|250.00|800.00|1100.00|-1|Matron Head

1826P,:6:Over:5|1517425|12.00|17.00|37.00|110.00|425.00|600.00|1200.00|2300.00|-1|Matron Head

1826P,:Normal:Date|-1|8.00|10.00|12.00|45.00|110.00|190.00|400.00|650.00|-1|Matron Head

1827P|2357732|8.00|10.00|12.00|40.00|80.00|150.00|300.00|600.00|-1|Matron Head

1828P,:Large:Narrow:Date|2260624|8.00|10.00|14.00|40.00|70.00|150.00|400.00|700.00|-1|Matron Head

1828P,:Small:Wide:Date|-1|8.00|10.00|16.00|50.00|100.00|200.00|550.00|1200.00|-1|Matron Head

1829P|1414500|8.00|10.00|13.00|40.00|70.00|110.00|250.00|525.00|-1|Matron Head

1830P|1711500|8.00|10.00|13.00|30.00|60.00|100.00|200.00|400.00|-1|Matron Head

1831P|3359260|7.00|9.00|12.00|22.00|50.00|100.00|200.00|350.00|-1|Matron Head

1832P|2362000|7.00|9.00|12.00|22.00|50.00|80.00|175.00|325.00|-1|Matron Head

1833P|2739000|7.00|9.00|12.00|22.00|50.00|80.00|175.00|325.00|-1|Matron Head

1834P|1855100|7.00|9.00|12.00|22.00|70.00|100.00|200.00|350.00|-1|Matron Head

1835P|3878400|7.00|9.00|12.00|22.00|65.00|90.00|200.00|350.00|-1|Matron Head

1836P|2111000|7.00|9.00|12.00|22.00|55.00|85.00|160.00|275.00|-1|Braided Hair

1837P|5558300|7.00|9.00|12.00|22.00|65.00|90.00|160.00|240.00|-1|Braided Hair

1838P|6370200|7.00|9.00|12.00|22.00|30.00|85.00|150.00|240.00|-1|Braided Hair

1839P|3128661|7.00|9.00|12.00|22.00|40.00|80.00|150.00|210.00|-1|Braided Hair

1839P,:1839:Over:1836:-:Plain:Cords|-1|110.00|275.00|550.00|1250.00|3500.00|7000.00|-1|Braided Hair

1840P|2462700|7.00|9.00|12.00|18.00|40.00|75.00|150.00|275.00|-1|Braided Hair

1841P|1597367|7.00|9.00|12.00|18.00|40.00|75.00|150.00|275.00|-1|Braided Hair

1842P|2383390|7.00|9.00|12.00|18.00|40.00|75.00|150.00|275.00|-1|Braided Hair

1843P,:Petite:-:Small:Letters|2425342|7.00|9.00|12.00|20.00|30.00|60.00|145.00|185.00|-1|Braided Hair

1843P,:Petite:-:Large:Letters|-1|9.00|11.00|20.00|35.00|70.00|125.00|325.00|600.00|-1|Braided Hair

1843P,:Mature:-:Large:Letters|-1|8.00|10.00|16.00|25.00|50.00|90.00|160.00|400.00|-1|Braided Hair

1844P,:Normal:Date|2398752|7.00|9.00|12.00|20.00|32.00|65.00|120.00|175.00|-1|Braided Hair

1844P,:44:Over:81|-1|10.00|13.00|20.00|40.00|110.00|235.00|550.00|1250.00|-1|Braided Hair

1845P|3894804|7.00|9.00|12.00|20.00|30.00|70.00|125.00|175.00|-1|Braided Hair

1846P|4120800|7.00|9.00|12.00|20.00|30.00|70.00|125.00|175.00|-1|Braided Hair

1847P|6183669|7.00|9.00|12.00|20.00|30.00|70.00|125.00|175.00|-1|Braided Hair

1847P,:7:Over:Small:7|-1|8.00|11.00|17.00|30.00|65.00|160.00|525.00|1000.00|-1|Braided Hair

1848P|6415799|7.00|9.00|12.00|18.00|30.00|70.00|110.00|150.00|-1|Braided Hair

1849P|4178500|7.00|9.00|12.00|18.00|30.00|70.00|125.00|190.00|-1|Braided Hair

1850P|4426844|7.00|9.00|12.00|18.00|30.00|70.00|100.00|125.00|-1|Braided Hair

1851P,:Normal:Date|9889707|7.00|9.00|12.00|18.00|30.00|70.00|100.00|150.00|-1|Braided Hair

1851P,:51:Over:81|-1|9.00|11.00|18.00|28.00|70.00|110.00|250.00|450.00|-1|Braided Hair

1852P|5063094|7.00|9.00|12.00|18.00|30.00|70.00|100.00|125.00|-1|Braided Hair

1853P|6641131|7.00|9.00|12.00|18.00|30.00|70.00|100.00|125.00|-1|Braided Hair

1854P|4236156|7.00|9.00|12.00|18.00|30.00|70.00|100.00|125.00|-1|Braided Hair

1855P,:All:Kinds|1574829|-1|Braided Hair

1855P,:Upright:5's|-1|7.00|9.00|12.00|18.00|30.00|70.00|100.00|125.00|-1|Braided Hair

1855P,:Slanting:5's|-1|7.00|9.00|12.00|18.00|30.00|70.00|115.00|160.00|-1|Braided Hair

1855P,:Slanting:5's:-:Knob:on:Ear|-1|7.00|10.00|14.00|22.00|40.00|90.00|160.00|250.00|-1|Braided Hair

1856P,:Upright:5|2690463|7.00|9.00|12.00|18.00|30.00|70.00|100.00|150.00|-1|Braided Hair

1856P,:Slanting:5|-1|7.00|9.00|12.00|18.00|30.00|70.00|100.00|150.00|-1|Braided Hair

1857P,:Large:Date|333546|16.00|25.00|30.00|35.00|50.00|120.00|200.00|325.00|-1|Braided Hair

1857P,:Small:Date|-1|17.00|27.00|35.00|40.00|55.00|130.00|220.00|350.00|-1|Braided Hair
