YEAR|MINTAGE|VF-20|EF-40|AU-50|MS-60|MS-63|MS-64|PF-63|Paren|ADDITIONAL_INFO

1908P|564821|250.00|275.00|300.00|325.00|800.00|1350.00|7500.00|236|

1909P|441760|250.00|275.00|300.00|325.00|1200.00|2250.00|7500.00|139|

1910P|492000|250.00|275.00|300.00|325.00|1100.00|2250.00|7500.00|682|

1911D|55680|2500.00|3250.00|3750.00|6500.00|15000.00|22500.00|-1|

1911P|704000|250.00|275.00|300.00|325.00|900.00|1250.00|7500.00|191|

1912P|616000|250.00|275.00|300.00|325.00|1200.00|2500.00|7500.00|197|

1913P|722000|250.00|275.00|300.00|325.00|900.00|1500.00|7500.00|165|

1914D|448000|250.00|275.00|300.00|350.00|1200.00|3000.00|-1|

1914P|240000|250.00|275.00|300.00|450.00|3750.00|8500.00|7500.00|117|

1915P|606000|250.00|275.00|300.00|325.00|850.00|1350.00|8500.00|100|

1925D|578000|250.00|275.00|300.00|325.00|750.00|1250.00|-1|

1926P|446000|250.00|275.00|300.00|325.00|750.00|1250.00|-1|

1927P|388000|250.00|275.00|300.00|325.00|750.00|1250.00|-1|

1928P|416000|250.00|275.00|300.00|325.00|750.00|1250.00|-1|

1929P|532000|250.00|275.00|300.00|325.00|750.00|1250.00|-1|
