YEAR|MINTAGE|VF-20|EF-40|AU-50|AU-55|MS-60|MS-63|PF-63|Paren|ADDITIONAL_INFO

1840C|12822|1000.00|1500.00|2250.00|2750.00|7500.00|20000.00|-1|

1840D|3532|1850.00|4500.00|6500.00|8500.00|22000.00|-1|

1840O|33580|275.00|500.00|1250.00|1500.00|6500.00|18000.00|-1|

1840P|18859|275.00|500.00|1600.00|2000.00|4000.00|8000.00|-1|

1841C|10281|1000.00|1350.00|2250.00|2750.00|10000.00|32000.00|-1|

1841D|4164|1550.00|3000.00|6000.00|7500.00|15000.00|35000.00|-1|

1841P|-1|40000.00|75000.00|95000.00|125000.00|-1|

1842C|6729|1550.00|2250.00|4500.00|6250.00|15000.00|32500.00|-1|

1842D|4643|1500.00|3000.00|6500.00|8250.00|25000.00|55000.00|-1|

1842O|19800|275.00|650.00|1500.00|2200.00|6500.00|20000.00|-1|

1842P|2823|850.00|2000.00|4000.00|5500.00|12500.00|30000.00|-1|

1843C|26064|1000.00|1250.00|2000.00|3250.00|5500.00|13500.00|-1|

1843D|36209|1000.00|1500.00|1800.00|2500.00|4500.00|20000.00|-1|

1843O|364002|275.00|300.00|325.00|375.00|1000.00|4500.00|-1|

1843P|100546|275.00|300.00|500.00|750.00|1500.00|4500.00|-1|

1844C|11622|1000.00|1500.00|3500.00|4500.00|12000.00|32500.00|-1|

1844D|17332|1200.00|1350.00|2000.00|2500.00|4500.00|18000.00|-1|

1844P|6784|275.00|500.00|1350.00|1800.00|5000.00|15000.00|-1|

1845D|19460|1100.00|1350.00|2000.00|3000.00|6500.00|25000.00|-1|

1845O|4000|650.00|1500.00|5500.00|7750.00|13500.00|34500.00|-1|

1845P|91051|275.00|300.00|315.00|450.00|750.00|3500.00|-1|

1846C|4808|1200.00|2000.00|3500.00|5500.00|12500.00|23500.00|-1|

1846D|62000|1250.00|1850.00|2500.00|3500.00|6500.00|20000.00|-1|

1846O|29814|275.00|300.00|500.00|650.00|2200.00|5500.00|-1|

1846P|21598|275.00|300.00|500.00|750.00|3500.00|15000.00|-1|

1847C|23226|1000.00|1350.00|2000.00|3000.00|4500.00|10000.00|-1|

1847D|15784|1100.00|1500.00|2000.00|3000.00|5500.00|15000.00|-1|

1847O|124000|275.00|300.00|750.00|1250.00|3000.00|13500.00|-1|

1847P|29814|275.00|300.00|500.00|650.00|2200.00|5500.00|-1|

1848C|16788|900.00|1450.00|2250.00|3000.00|8500.00|26000.00|-1|

1848D|13771|1000.00|1500.00|2350.00|2750.00|6500.00|23500.00|-1|

1848P|6500|375.00|550.00|1250.00|1450.00|3500.00|10000.00|-1|

1849C|10220|950.00|1450.00|3250.00|4250.00|12500.00|35000.00|-1|

1849D|10945|1000.00|1500.00|2250.00|2850.00|9500.00|26000.00|-1|

1849P|23294|275.00|300.00|550.00|650.00|1500.00|4750.00|-1|

1850C|9148|950.00|1350.00|2250.00|2750.00|7000.00|26000.00|-1|

1850D|12148|1000.00|1500.00|2350.00|2850.00|10500.00|30000.00|-1|

1850O|84000|275.00|300.00|700.00|850.00|2750.00|10000.00|-1|

1850P|252923|275.00|300.00|325.00|375.00|675.00|2500.00|-1|

1851C|14923|1000.00|1450.00|2200.00|2500.00|6000.00|21000.00|-1|

1851D|11264|1100.00|1600.00|2400.00|2750.00|6750.00|25000.00|-1|

1851O|148000|275.00|325.00|500.00|650.00|2500.00|9500.00|-1|

1851P|1372748|275.00|300.00|315.00|325.00|400.00|900.00|-1|

1852C|9772|950.00|1500.00|2750.00|3250.00|9500.00|23500.00|-1|

1852D|4078|1000.00|2000.00|4500.00|5500.00|10000.00|32000.00|-1|

1852O|140000|275.00|300.00|550.00|750.00|3000.00|7500.00|-1|

1852P|1159681|275.00|300.00|315.00|325.00|400.00|925.00|-1|

1853D|3178|1350.00|2250.00|3500.00|4200.00|9000.00|35000.00|-1|

1853P|1404668|275.00|300.00|315.00|325.00|400.00|900.00|-1|

1854C|7295|950.00|1500.00|3000.00|4500.00|7500.00|25000.00|-1|

1854D|1760|2250.00|4750.00|7500.00|9500.00|17500.00|50000.00|-1|

1854O|153000|300.00|325.00|350.00|400.00|1000.00|6000.00|-1|

1854P|596278|275.00|300.00|315.00|325.00|400.00|950.00|-1|

1854S|246|100000.00|150000.00|250000.00|-1|

1855C|3677|1100.00|2000.00|3000.00|3500.00|14500.00|30000.00|-1|

1855D|1123|2250.00|5000.00|8500.00|11000.00|35000.00|60000.00|-1|

1855P|235480|275.00|300.00|315.00|325.00|400.00|1000.00|-1|

1856C|7913|950.00|1850.00|2500.00|3000.00|8500.00|22000.00|-1|

1856D|874|4500.00|8500.00|22500.00|27500.00|50000.00|95000.00|-1|

1856O|21100|275.00|475.00|850.00|1150.00|4500.00|20000.00|-1|

1856P|384240|275.00|300.00|315.00|325.00|400.00|900.00|45000.00|-1|

1856S|72120|300.00|325.00|650.00|750.00|2750.00|7500.00|-1|

1857D|2364|1000.00|1800.00|2500.00|3000.00|8000.00|22000.00|-1|

1857O|34000|275.00|325.00|650.00|850.00|3000.00|9500.00|-1|

1857P|214130|275.00|300.00|315.00|325.00|400.00|1000.00|35000.00|-1|

1857S|69200|300.00|325.00|650.00|850.00|3000.00|9500.00|-1|

1858C|9056|950.00|1500.00|2500.00|3000.00|7000.00|25000.00|-1|

1858P|47377|275.00|300.00|315.00|325.00|700.00|1150.00|25000.00|-1|

1859D|2244|1250.00|2000.00|2500.00|4000.00|12500.00|45000.00|-1|

1859P|39364|275.00|300.00|315.00|350.00|850.00|2250.00|15000.00|80|

1859S|15200|300.00|675.00|1550.00|1850.00|3000.00|12500.00|-1|

1860C|7469|1000.00|1500.00|2500.00|5000.00|14000.00|25000.00|-1|

1860P|22563|275.00|300.00|315.00|325.00|750.00|2000.00|15000.00|112|

1860S|35600|275.00|450.00|750.00|900.00|2500.00|10000.00|-1|

1861P|1283788|275.00|300.00|315.00|325.00|550.00|1250.00|15000.00|90|

1861S|24000|325.00|600.00|2000.00|3000.00|5000.00|11500.00|-1|

1862P,:2:Over:1|-1|650.00|1350.00|2750.00|3500.00|6500.00|10000.00|-1|

1862P|98508|275.00|400.00|1250.00|1550.00|5000.00|11000.00|13500.00|35|

1862S|8000|500.00|1350.00|3000.00|4000.00|12500.00|25000.00|-1|

1863P|-1|40000.00|30|

1863S|10800|375.00|1000.00|2250.00|3500.00|9000.00|20000.00|-1|

1864P|2824|4000.00|9500.00|15000.00|20000.00|35000.00|12500.00|50|

1865P|1520|3000.00|5000.00|12000.00|15000.00|27500.00|12500.00|25|

1865S|23376|275.00|475.00|950.00|1350.00|3000.00|7000.00|-1|

1866P|3080|750.00|2500.00|4000.00|5500.00|8000.00|18000.00|10000.00|30|

1866S|38960|275.00|450.00|925.00|1550.00|4500.00|14000.00|-1|

1867P|3200|300.00|500.00|750.00|1250.00|3500.00|6000.00|10000.00|50|

1867S|28000|275.00|425.00|1000.00|1350.00|3000.00|8000.00|-1|

1868P|3600|275.00|300.00|450.00|675.00|1250.00|5000.00|10000.00|25|

1868S|34000|275.00|300.00|750.00|950.00|2500.00|8000.00|-1|

1869P|4320|275.00|325.00|450.00|850.00|2000.00|7500.00|7000.00|25|

1869S|29500|275.00|350.00|550.00|1000.00|2750.00|6000.00|-1|

1870P|4520|275.00|325.00|500.00|900.00|2750.00|6500.00|7500.00|35|

1870S|16000|275.00|300.00|550.00|1150.00|3000.00|10000.00|-1|

1871P|5320|275.00|300.00|425.00|600.00|1500.00|3000.00|7500.00|30|

1871S|22000|275.00|300.00|400.00|550.00|1500.00|3000.00|-1|

1872P|3000|300.00|550.00|750.00|1650.00|3000.00|10000.00|6500.00|30|

1872S|18000|275.00|300.00|600.00|1100.00|3250.00|8000.00|-1|

1873P|178000|255.00|275.00|315.00|325.00|400.00|900.00|6000.00|25|

1873S|27000|255.00|300.00|500.00|750.00|1800.00|5500.00|-1|

1874P|3920|255.00|275.00|450.00|700.00|1500.00|4500.00|8500.00|20|

1875P|400|2750.00|4500.00|7500.00|9000.00|18000.00|30000.00|20000.00|20|

1875S|11600|255.00|300.00|500.00|850.00|2500.00|6000.00|-1|

1876P|4176|255.00|450.00|600.00|1100.00|2250.00|4500.00|6500.00|45|

1876S|5000|255.00|400.00|600.00|1300.00|2000.00|6750.00|-1|

1877P|1632|255.00|550.00|750.00|1150.00|2000.00|6500.00|6500.00|20|

1877S|35400|255.00|275.00|315.00|325.00|450.00|1750.00|-1|

1878P|286240|255.00|275.00|300.00|305.00|400.00|650.00|9000.00|20|

1878S|178000|255.00|275.00|315.00|325.00|400.00|1250.00|-1|

1879P|88960|255.00|275.00|315.00|325.00|400.00|750.00|6500.00|30|

1879S|43500|255.00|275.00|315.00|325.00|400.00|3250.00|-1|

1880P|2960|325.00|350.00|500.00|650.00|1000.00|2500.00|6500.00|36|

1881P|640|1250.00|2000.00|4500.00|5000.00|7500.00|15000.00|6500.00|51|

1882P|4000|275.00|300.00|325.00|375.00|500.00|2000.00|5000.00|67|

1883P|1920|275.00|350.00|600.00|900.00|1800.00|5000.00|5000.00|82|

1884P|1950|275.00|300.00|425.00|575.00|1000.00|2500.00|5000.00|73|

1885P|800|575.00|1250.00|1850.00|2000.00|3000.00|5000.00|5000.00|87|

1886P|4000|275.00|300.00|325.00|375.00|750.00|2000.00|5000.00|88|

1887P|6160|275.00|300.00|315.00|325.00|550.00|2000.00|4750.00|122|

1888P|16001|255.00|275.00|315.00|325.00|400.00|550.00|4750.00|97|

1889P|17600|255.00|275.00|315.00|325.00|400.00|600.00|4750.00|48|

1890P|8720|255.00|275.00|315.00|325.00|400.00|1000.00|4750.00|93|

1891P|10960|255.00|275.00|315.00|325.00|400.00|900.00|4750.00|80|

1892P|2440|275.00|300.00|315.00|325.00|450.00|1500.00|4750.00|105|

1893P|30000|255.00|275.00|315.00|325.00|400.00|550.00|4750.00|106|

1894P|4000|255.00|300.00|325.00|350.00|450.00|1250.00|4750.00|122|

1895P|6000|255.00|275.00|315.00|325.00|400.00|700.00|4750.00|119|

1896P|19070|255.00|275.00|300.00|305.00|400.00|550.00|4750.00|132|

1897P|29768|255.00|275.00|300.00|305.00|400.00|550.00|4750.00|136|

1898P|24000|255.00|275.00|300.00|305.00|400.00|550.00|4750.00|165|

1899P|27200|255.00|275.00|300.00|305.00|400.00|550.00|4750.00|150|

1900P|67000|255.00|275.00|300.00|305.00|400.00|550.00|4750.00|205|

1901P|91100|255.00|275.00|300.00|305.00|400.00|550.00|4750.00|223|

1902P|133540|255.00|275.00|300.00|305.00|400.00|550.00|4750.00|193|

1903P|201060|255.00|275.00|300.00|305.00|400.00|550.00|4750.00|197|

1904P|160790|255.00|275.00|300.00|305.00|400.00|550.00|4750.00|170|

1905P|217800|255.00|275.00|300.00|305.00|400.00|550.00|4750.00|144|

1906P|176330|255.00|275.00|300.00|305.00|400.00|550.00|4750.00|160|

1907P|336294|255.00|275.00|300.00|305.00|400.00|550.00|4750.00|154|
