YEAR|MINTAGE|VF-20|EF-40|AU-50|MS-60|MS-63|MS-65|Paren
1878,:8:Feathers|749500|25|26|30|75|100|775|500
1878,:7:Feathers|9759300|25|25|28|38|60|735|250
1878,:7/8:Clear:Double:Feathers||25|27|32|80|150|1450
1878CC|2212000|55|70|75|125|210|1000
1878S|9774000|25|25|26|32|45|170
1879|14806000|25|25|26|28|35|520|1100
1879CC,:CC:over:CC|756000|110|285|675|2100|3500|14500
1879O|2887000|25|26|28|42|130|1950
1879S|9110000|25|25|26|28|32|100
1880|12600000|25|25|26|28|35|410|1355
1880CC|591000|120|140|175|310|360|775
1880O|5305000|25|25|26|35|210|135000
1880S|8900000|25|25|26|28|32|100
1881|9163000|25|25|26|28|33|435|984
1881CC|296000|160|190|220|260|290|500
1881O|5708000|25|25|26|28|32|775
1881S|12760000|25|25|26|28|32|100
1882|11100000|25|25|26|28|35|210|1100
1882CC|1133000|60|70|75|120|140|285
1882O|6090000|25|25|26|28|38|520
1882S|9250000|25|25|26|28|32|100
1883|12290000|25|25|26|28|32|100|1039
1883CC|1204000|65|75|85|110|140|275
1883O|8725000|25|25|26|28|32|100
1883S|6250000|25|29|75|340|1450|22000
1884|14070000|25|25|26|28|32|150|875
1884CC|1136000|75|85|95|120|150|265
1884O|9730000|25|25|26|28|32|100
1884S|3200000|25|26|185|2850|165000|120000
1885|17787000|25|25|26|28|32|100|930
1885CC|228000|275|290|320|375|390|785
1885O|9185000|25|25|26|28|32|100
1885S|1497000|25|26|60|110|150|925
1886|19963000|25|25|26|28|32|100|886
1886O|10710000|25|26|60|375|1950|110000
1886S|750000|35|55|110|200|375|1750
1887|20290000|25|25|26|28|32|100|710
1887O|11550000|25|25|26|28|70|1300
1887S|1771000|25|25|26|65|135|1650
1888|19183000|25|25|26|28|32|120|833
1888O|12150000|25|25|26|28|32|245
1888S|657000|90|110|120|165|245|1750
1889|21726000|25|25|26|28|32|100|811
1889CC|350000|790|1900|3850|12500|22500|185000
1889O|11875000|25|25|28|80|220|3200
1889S|700000|30|40|50|130|335|950
1890|16802000|25|25|26|28|35|1000|590
1890CC|2309041|65|85|100|185|465|3200
1890O|10701000|25|25|26|35|58|900
1890S|8230373|25|25|26|33|58|500
1891|8693556|25|25|26|32|95|3500|650
1891CC|1618000|65|80|110|210|460|2500
1891O|7954529|25|26|27|80|185|3500
1891S|5296000|25|25|26|28|75|650
1892|1036000|25|26|42|90|225|1950|1245
1892CC|1352000|150|250|350|775|1250|4850
1892O|2744000|25|25|38|90|180|2750
1892S|1200000|60|155|1050|18500|33500|110000
1893|378000|110|135|185|340|710|3500|792
1893CC|677000|250|825|1000|1850|3650|28500
1893O|300000|175|300|475|1150|3800|115000
1893S|100000|3600|4850|12500|42500|85000|310000
1894|110000|825|1050|1325|2550|3600|18500|972
1894O|1723000|30|55|135|350|3150|25500
1894S|1260000|45|70|200|385|610|3200
1895||-1|16000|18500|24500|32500|42500|880
1895O|450000|230|360|810|8750|30000|110000
1895S|400000|350|575|900|2150|3200|11500
1896|9976000|25|25|26|28|32|100|762
1896O|4900000|25|28|95|575|4200|92500
1896S|5000000|32|110|385|800|1550|8800
1897|2822000|25|25|26|28|32|135|731
1897O|4004000|25|26|65|375|2800|31500
1897S|5825000|25|25|26|32|60|320
1898|5884000|25|25|26|28|32|130|735
1898O|4440000|25|25|26|28|32|100
1898S|4102000|28|30|50|140|280|1100
1899|330000|100|130|160|180|200|520|846
1899O|12290000|25|25|26|28|32|100
1899S|2562000|26|30|65|185|265|950
1900|8830000|25|25|26|28|32|100|912
1900O|12590000|25|25|26|28|32|110
1900S|3540000|28|30|50|160|230|775
1901|6962000|30|60|255|1150|8750|185000|813
1901O|13320000|25|25|26|28|32|110
1901S|2284000|28|30|80|260|380|1950
1902|7994000|25|25|26|30|60|240|777
1902O|8636000|25|25|26|28|32|100
1902S|1530000|75|110|140|210|335|1500
1903|4652000|28|33|38|46|52|140|755
1903O|4450000|210|220|230|250|265|435
1903S|1241000|100|190|925|2100|3300|5500
1904|2788000|25|25|28|46|160|1950|650
1904O|3720000|25|25|26|28|32|100
1904S|2304000|40|125|325|700|1750|4250
1921|44690000|25|25|26|28|30|95
1921D|20345000|25|25|26|28|35|190
1921S|21695000|25|25|26|28|35|700
