YEAR|MINTAGE|VG-8|F-12|EF-40|AU-50|MS-60|MS-63|PF-63|Paren|ADDITIONAL_INFO

1873CC|124500|100.00|175.00|325.00|800.00|3500.00|10000.00|-1|

1873P|396635|50.00|70.00|90.00|150.00|425.00|1200.00|1700.00|865|

1873S|703000|50.00|70.00|90.00|175.00|500.00|1100.00|-1|

1874CC|1373200|100.00|150.00|250.00|300.00|700.00|2800.00|-1|

1874P|987100|50.00|70.00|90.00|150.00|275.00|875.00|1700.00|700|

1874S|2549000|50.00|70.00|90.00|150.00|275.00|875.00|1700.00|700|

1875CC|1573700|80.00|180.00|285.00|450.00|900.00|1500.00|-1|

1875P|218200|80.00|180.00|295.00|500.00|1000.00|1700.00|1700.00|700|

1875S|4487000|50.00|70.00|90.00|150.00|275.00|875.00|-1|

1875S,:S:Over:CC|-1|125.00|200.00|450.00|700.00|1500.00|6000.00|-1|

1876CC|509000|80.00|125.00|225.00|600.00|1750.00|11000.00|-1|

1876P|455000|50.00|70.00|90.00|150.00|275.00|875.00|1700.00|1150|

1876S|5227000|50.00|70.00|90.00|150.00|275.00|875.00|-1|

1877CC|534000|100.00|150.00|300.00|375.00|700.00|3500.00|-1|

1877P|3039200|50.00|70.00|90.00|150.00|275.00|875.00|1700.00|510|

1877S|9519000|50.00|70.00|90.00|150.00|275.00|875.00|-1|

1878CC|97000|250.00|375.00|1100.00|2000.00|6500.00|11000.00|-1|

1878P|-1|500.00|1700.00|900|

1878S|4162000|50.00|70.00|90.00|150.00|275.00|875.00|-1|

1879P|-1|500.00|1700.00|1541|

1880P|-1|500.00|1700.00|1987|

1881P|-1|500.00|1700.00|960|

1882P|-1|500.00|1700.00|1097|

1883P|-1|500.00|1700.00|979|

1884P|-1|300000.00|10|

1885P|-1|950000.00|5|
