YEAR|MINTAGE|G-4|VG-8|F-12|VF-20|EF-40|AU-50|MS-60|MS-63|PF-63|Paren|ADDITIONAL_INFO

1892O|2460000|8.00|9.00|12.00|20.00|40.00|60.00|160.00|210.00|-1|

1892P|8236000|7.00|8.00|10.00|15.00|30.00|50.00|115.00|175.00|350.00|1245|

1892S|964079|15.00|25.00|35.00|50.00|85.00|130.00|210.00|450.00|-1|

1893O|3396000|7.00|8.00|11.00|16.00|35.00|60.00|160.00|300.00|-1|

1893P|5444023|7.00|8.00|10.00|15.00|30.00|50.00|115.00|165.00|350.00|792|

1893S|1454535|9.00|12.00|25.00|45.00|75.00|130.00|200.00|500.00|-1|

1894O|2852000|7.00|8.00|15.00|20.00|35.00|90.00|160.00|300.00|-1|

1894P|3432000|7.00|8.00|12.00|15.00|30.00|60.00|110.00|200.00|350.00|972|

1894S|2648821|7.00|8.00|11.00|20.00|35.00|90.00|160.00|300.00|-1|

1895O|2816000|7.00|8.50|15.00|27.00|45.00|90.00|185.00|400.00|-1|

1895P|4440000|7.00|8.00|10.00|15.00|30.00|60.00|110.00|200.00|350.00|880|

1895S|1764681|9.00|13.00|30.00|50.00|65.00|120.00|225.00|450.00|-1|

1896O|1484000|15.00|25.00|70.00|140.00|225.00|350.00|475.00|875.00|-1|

1896P|3874000|7.00|8.00|10.00|15.00|32.00|60.00|125.00|200.00|350.00|762|

1896S|188039|425.00|700.00|900.00|1500.00|2000.00|2900.00|4000.00|8250.00|-1|

1897O|1414800|9.00|15.00|60.00|140.00|175.00|275.00|425.00|750.00|-1|

1897P|8140000|7.00|7.25|10.00|15.00|32.00|55.00|100.00|175.00|350.00|731|

1897S|542229|30.00|45.00|110.00|150.00|200.00|325.00|450.00|750.00|-1|

1898O|1868000|8.00|10.00|25.00|55.00|110.00|150.00|300.00|650.00|-1|

1898P|11100000|7.00|7.25|11.00|15.00|35.00|55.00|95.00|150.00|350.00|735|

1898S|1020592|7.50|9.00|18.00|20.00|35.00|90.00|200.00|600.00|-1|

1899O|2644000|7.50|8.00|10.00|16.00|32.00|100.00|200.00|400.00|-1|

1899P|12624000|7.00|7.25|10.00|15.00|30.00|50.00|90.00|150.00|350.00|846|

1899S|708000|8.00|14.00|18.00|35.00|45.00|125.00|225.00|550.00|-1|

1900O|3416000|8.00|10.00|20.00|30.00|50.00|150.00|250.00|400.00|-1|

1900P|10016000|7.00|7.25|10.00|15.00|30.00|60.00|90.00|150.00|350.00|912|

1900S|1858585|7.00|7.25|11.00|16.00|30.00|50.00|175.00|450.00|-1|

1901O|1612000|20.00|30.00|70.00|110.00|175.00|250.00|400.00|900.00|-1|

1901P|8892000|7.00|7.25|9.00|15.00|30.00|60.00|100.00|150.00|350.00|813|

1901S|72664|2800.00|6000.00|8000.00|10000.00|14000.00|16000.00|19000.00|25000.00|-1|

1902O|4748000|7.00|7.50|5.00|30.00|60.00|100.00|200.00|625.00|-1|

1902P|12196967|7.00|7.25|8.00|15.00|30.00|50.00|95.00|150.00|350.00|777|

1902S|1524612|8.00|9.00|20.00|35.00|65.00|110.00|220.00|475.00|-1|

1903O|3500000|7.00|7.50|11.00|20.00|32.00|100.00|150.00|600.00|-1|

1903P|9759309|7.00|7.25|8.00|15.00|30.00|50.00|90.00|175.00|350.00|755|

1903S|1036000|8.00|9.00|15.00|30.00|50.00|100.00|210.00|400.00|-1|

1904O|2456000|7.00|7.25|16.00|30.00|90.00|175.00|350.00|600.00|-1|

1904P|9588143|7.00|7.25|8.00|15.00|30.00|55.00|90.00|150.00|350.00|670|

1905O|1230000|8.00|15.00|40.00|75.00|110.00|160.00|200.00|550.00|-1|

1905P|4967523|7.00|7.25|8.50|15.00|30.00|60.00|100.00|200.00|350.00|727|

1905S|1844000|7.00|8.00|18.00|25.00|42.00|90.00|175.00|500.00|-1|

1906D|3280000|7.00|7.25|9.00|15.00|30.00|60.00|110.00|200.00|-1|

1906O|2056000|7.00|7.25|12.00|18.00|35.00|90.00|135.00|250.00|-1|

1906P|3655760|7.00|7.25|9.00|15.00|30.00|50.00|90.00|150.00|350.00|675|

1907D|2484000|7.00|7.25|9.00|15.00|30.00|60.00|125.00|350.00|-1|

1907O|4560000|7.00|7.25|8.00|15.00|30.00|55.00|100.00|250.00|-1|

1907P|7132000|7.00|7.25|8.00|15.00|30.00|50.00|90.00|175.00|350.00|575|

1907S|1360000|7.25|7.75|16.00|26.00|55.00|110.00|225.00|420.00|-1|

1908D|5788000|7.00|7.25|8.00|15.00|30.00|50.00|110.00|200.00|-1|

1908O|6244000|7.00|7.25|8.00|15.00|30.00|50.00|110.00|200.00|-1|

1908P|4232000|7.00|7.25|8.00|15.00|30.00|50.00|110.00|200.00|350.00|545|

1908S|784000|8.00|15.00|65.00|70.00|150.00|200.00|350.00|550.00|-1|

1909D|5114000|7.00|7.25|8.00|15.00|30.00|60.00|110.00|160.00|-1|

1909O|712000|10.00|25.00|65.00|125.00|185.00|350.00|500.00|900.00|-1|

1909P|9268000|7.00|7.25|8.00|15.00|30.00|50.00|90.00|175.00|350.00|650|

1909S|1348000|7.00|7.25|13.00|19.00|40.00|90.00|150.00|350.00|-1|

1910D|1500000|7.00|7.25|15.00|18.00|30.00|110.00|175.00|400.00|-1|

1910P|2244000|7.00|7.25|8.00|15.00|30.00|60.00|90.00|150.00|350.00|551|

1911D|933600|7.00|7.25|30.00|90.00|130.00|225.00|325.00|600.00|-1|

1911P|3720000|7.00|7.25|8.00|15.00|30.00|50.00|90.00|150.00|350.00|543|

1911S|988000|7.00|7.25|18.00|30.00|60.00|120.00|175.00|350.00|-1|

1912P|4400000|7.00|7.25|8.00|15.00|30.00|50.00|90.00|150.00|375.00|700|

1912S|708000|7.00|7.75|16.00|20.00|40.00|100.00|175.00|400.00|-1|

1913D|1450800|7.00|7.50|12.00|17.00|35.00|75.00|140.00|185.00|-1|

1913P|484000|8.00|10.00|25.00|67.00|185.00|210.00|550.00|600.00|400.00|613|

1913S|40000|750.00|1000.00|2200.00|3200.00|4500.00|5200.00|6000.00|8500.00|-1|

1914D|3046000|7.00|7.25|8.00|15.00|30.00|50.00|90.00|150.00|-1|

1914P|6244230|7.00|7.25|8.00|15.00|30.00|50.00|90.00|150.00|400.00|380|

1914S|264000|35.00|60.00|125.00|200.00|325.00|400.00|500.00|700.00|-1|

1915D|3694000|7.00|7.25|8.00|15.00|30.00|50.00|90.00|150.00|-1|

1915P|3480000|7.00|7.25|8.00|15.00|30.00|50.00|90.00|150.00|400.00|450|

1915S|704000|7.00|7.25|12.00|20.00|35.00|90.00|125.00|200.00|-1|

1916D|6540800|7.00|7.25|8.00|15.00|30.00|50.00|90.00|150.00|-1|

1916P|1788000|7.00|7.25|8.00|15.00|30.00|50.00|90.00|150.00|-1|
