YEAR|MINTAGE|G-4|VG-8|F-12|VF-20|EF-40|AU-50|MS-60|MS-63|PF-63|Paren|ADDITIONAL_INFO

1892O|3841700|5.00|7.00|15.00|24.00|35.00|45.00|100.00|175.00|-1|

1892P|12120000|3.00|4.00|9.00|14.00|16.00|35.00|80.00|120.00|300.00|1245|

1892S|990710|35.00|45.00|85.00|125.00|160.00|180.00|240.00|400.00|-1|

1893O|1760000|15.00|25.00|65.00|80.00|90.00|125.00|175.00|350.00|-1|

1893P,:3/2|-1|40.00|50.00|60.00|100.00|120.00|160.00|350.00|1000.00|525.00|-1|

1893P|3339940|4.00|6.00|10.00|15.00|24.00|35.00|100.00|140.00|300.00|792|

1893S|2491401|7.00|14.00|18.00|25.00|40.00|75.00|150.00|375.00|-1|

1894O|720000|30.00|45.00|100.00|150.00|210.00|360.00|825.00|1400.00|-1|

1894P|1330000|9.00|20.00|55.00|75.00|90.00|100.00|175.00|350.00|300.00|972|

1894S|24|600000.00|-1|

1895O|440000|185.00|225.00|450.00|750.00|1450.00|1800.00|3200.00|4800.00|-1|

1895P|690000|35.00|60.00|125.00|260.00|300.00|325.00|400.00|700.00|335.00|880|

1895S|1120000|20.00|30.00|75.00|100.00|125.00|175.00|300.00|625.00|-1|

1896O|610000|35.00|75.00|160.00|200.00|280.00|325.00|575.00|1325.00|-1|

1896P|2000000|4.50|10.00|28.00|36.00|50.00|60.00|100.00|275.00|300.00|762|

1896S|575056|40.00|70.00|150.00|200.00|275.00|310.00|500.00|825.00|-1|

1897O|666000|35.00|50.00|140.00|200.00|250.00|325.00|500.00|950.00|-1|

1897P|10868533|2.50|2.75|3.00|6.00|12.00|30.00|70.00|125.00|300.00|731|

1897S|1342844|8.00|16.00|50.00|75.00|90.00|125.00|250.00|650.00|-1|

1898O|2130000|5.00|10.00|35.00|60.00|80.00|120.00|275.00|650.00|-1|

1898P|16320000|2.50|2.75|3.00|6.00|12.00|30.00|65.00|100.00|300.00|735|

1898S|1702507|2.50|5.00|16.00|25.00|40.00|75.00|180.00|600.00|-1|

1899O|2650000|4.50|6.00|35.00|45.00|70.00|100.00|210.00|575.00|-1|

1899P|19580000|2.50|2.75|3.00|6.00|12.00|30.00|65.00|100.00|300.00|846|

1899S|1867493|4.00|4.50|8.00|16.00|20.00|55.00|160.00|400.00|-1|

1900O|2010000|8.00|20.00|45.00|60.00|130.00|175.00|320.00|500.00|-1|

1900P|17600000|2.50|2.75|3.00|6.00|12.00|30.00|65.00|100.00|300.00|912|

1900S|5168270|2.50|2.60|5.00|7.00|13.00|35.00|120.00|220.00|-1|

1901O|5620000|2.50|2.75|5.00|9.00|30.00|50.00|250.00|460.00|-1|

1901P|18859665|2.50|2.60|3.00|6.00|12.00|32.00|65.00|100.00|300.00|813|

1901S|593022|45.00|70.00|185.00|250.00|300.00|350.00|635.00|900.00|-1|

1902O|4500000|2.50|2.75|6.00|14.00|28.00|55.00|180.00|450.00|-1|

1902P|21380000|2.50|2.60|3.00|4.00|12.00|30.00|65.00|100.00|300.00|777|

1902S|2070000|3.50|7.00|22.00|35.00|50.00|75.00|180.00|450.00|-1|

1903O|8180000|2.50|2.75|7.00|9.00|18.00|35.00|160.00|300.00|-1|

1903P|19500000|2.50|2.60|3.00|4.00|12.00|30.00|65.00|100.00|300.00|755|

1903S|613300|40.00|60.00|200.00|250.00|400.00|500.00|750.00|1000.00|-1|

1904P|14600357|2.50|2.60|3.00|4.00|12.00|30.00|65.00|90.00|300.00|670|

1904S|800000|20.00|35.00|75.00|110.00|160.00|260.00|425.00|850.00|-1|

1905O|3400000|2.50|3.25|14.00|25.00|50.00|75.00|150.00|250.00|-1|

1905P|14551623|2.50|2.60|3.00|4.00|12.00|30.00|65.00|90.00|300.00|727|

1905S|6855199|2.50|2.60|4.00|7.00|18.00|40.00|140.00|200.00|-1|

1906D|4060000|2.50|2.60|3.00|8.00|13.00|32.00|95.00|200.00|-1|

1906O|2610000|3.00|5.00|20.00|35.00|45.00|65.00|125.00|185.00|-1|

1906P|19957731|2.50|2.60|3.00|5.00|12.00|30.00|65.00|90.00|300.00|675|

1906S|3136640|2.50|2.60|5.00|10.00|18.00|55.00|135.00|225.00|-1|

1907D|4080000|2.50|2.75|5.00|8.00|18.00|60.00|150.00|475.00|-1|

1907O|5058000|2.75|3.50|15.00|18.00|24.00|45.00|100.00|185.00|-1|

1907P|22220000|2.50|2.60|3.00|4.00|12.00|30.00|65.00|90.00|300.00|575|

1907S|3178470|2.50|2.75|6.00|12.00|25.00|50.00|200.00|400.00|-1|

1908D|7490000|2.50|2.60|4.00|6.00|14.00|35.00|70.00|150.00|-1|

1908O|1789000|3.00|5.00|22.00|35.00|50.00|80.00|150.00|275.00|-1|

1908P|10600000|2.50|2.60|3.00|4.00|12.00|30.00|65.00|90.00|300.00|545|

1908S|3220000|2.50|2.75|6.00|8.00|18.00|75.00|175.00|350.00|-1|

1909D|954000|3.50|10.00|35.00|50.00|75.00|100.00|275.00|600.00|-1|

1909O|2287000|2.50|3.25|6.00|10.00|20.00|60.00|120.00|275.00|-1|

1909P|10240000|2.50|2.60|3.00|3.50|12.00|30.00|65.00|90.00|300.00|650|

1909S|1000000|3.00|8.50|40.00|50.00|90.00|165.00|275.00|650.00|-1|

1910D|3490000|2.50|3.25|5.00|6.00|20.00|45.00|125.00|225.00|-1|

1910P|11520000|2.50|2.60|3.00|3.50|12.00|30.00|65.00|90.00|300.00|551|

1910S|1240000|2.75|4.00|21.00|34.00|60.00|90.00|250.00|385.00|-1|

1911D|11209000|2.50|2.60|3.00|3.50|12.00|30.00|65.00|90.00|-1|

1911P|18870000|2.50|2.60|3.00|3.50|12.00|30.00|65.00|90.00|300.00|543|

1911S|3520000|2.50|3.25|8.00|8.00|16.00|45.00|120.00|220.00|-1|

1912D|11760000|2.50|2.60|3.00|3.50|12.00|30.00|65.00|100.00|-1|

1912P|19349300|2.50|2.60|3.00|3.50|12.00|30.00|65.00|90.00|300.00|700|

1912S|3240000|2.50|3.25|5.00|8.00|16.00|50.00|100.00|165.00|-1|

1913P|19760000|2.50|2.60|3.00|3.50|12.00|30.00|65.00|90.00|300.00|622|

1913S|510000|10.00|20.00|50.00|85.00|125.00|175.00|260.00|375.00|-1|

1914D|11908000|2.50|2.60|3.00|3.50|12.00|30.00|65.00|90.00|-1|

1914P|17360230|2.50|2.60|3.00|3.50|12.00|30.00|65.00|90.00|300.00|425|

1914S|2100000|2.50|3.25|6.00|8.00|13.00|32.00|110.00|190.00|-1|

1915P|5620000|2.50|2.60|3.00|3.50|12.00|30.00|65.00|90.00|300.00|450|

1915S|960000|2.75|4.00|16.00|29.00|30.00|65.00|140.00|275.00|-1|

1916P|18490000|2.50|2.60|3.00|3.50|12.00|30.00|65.00|90.00|-1|

1916S|5820000|2.50|2.60|3.00|3.50|12.00|30.00|65.00|90.00|-1|
