YEAR|MINTAGE|G-4|VG-8|F-12|VF-20|EF-40|MS-60|MS-63|MS-65|PF-63|Paren|ADDITIONAL_INFO

1916D|264000|500.00|800.00|1200.00|1600.00|2750.00|8000.00|9200.00|16000.00|-1|

1916P|22180080|2.75|2.85|3.50|4.25|5.50|18.00|24.00|50.00|-1|

1916S|10450000|3.00|4.00|5.00|6.00|10.00|20.00|35.00|125.00|-1|

1917D|9402000|2.75|3.25|5.00|8.00|22.00|65.00|180.00|700.00|-1|

1917P|55230000|2.50|2.50|2.60|3.00|4.00|15.00|26.00|85.00|-1|

1917S|27330000|2.50|2.50|3.00|3.50|6.00|30.00|90.00|250.00|-1|

1918D|22674800|2.50|2.50|3.00|6.00|12.00|55.00|120.00|250.00|-1|

1918P|26680000|2.50|2.50|3.00|6.00|13.00|40.00|90.00|225.00|-1|

1918S|19300000|2.50|2.50|2.75|5.00|8.50|45.00|150.00|375.00|-1|

1919D|9939000|2.50|2.50|5.00|12.00|22.00|110.00|250.00|900.00|-1|

1919P|35740000|2.50|2.50|2.60|3.00|6.00|22.00|55.00|175.00|-1|

1919S|8850000|2.50|2.50|3.50|8.00|20.00|110.00|270.00|650.00|-1|

1920D|19171000|2.50|2.50|2.75|6.00|11.00|70.00|220.00|450.00|-1|

1920P|59030000|2.50|2.50|2.60|3.50|5.00|27.00|35.00|150.00|-1|

1920S|13820000|2.50|2.50|3.00|6.00|10.00|65.00|175.00|650.00|-1|

1921D|1080000|35.00|70.00|100.00|200.00|400.00|675.00|1000.00|1750.00|-1|

1921P|1230000|30.00|40.00|80.00|175.00|300.00|650.00|900.00|1700.00|-1|

1923P|50130000|2.50|2.50|2.60|3.00|4.00|16.00|24.00|65.00|-1|

1923S|6440000|2.50|2.50|4.00|8.00|32.00|80.00|220.00|600.00|-1|

1924D|6810000|2.50|2.50|3.50|9.00|26.00|95.00|280.00|600.00|-1|

1924P|24010000|2.50|2.50|2.60|3.00|7.00|23.00|50.00|120.00|-1|

1924S|7120000|2.50|2.50|3.00|5.00|24.00|100.00|290.00|625.00|-1|

1925D|5117000|2.75|3.00|6.00|22.00|60.00|180.00|425.00|950.00|-1|

1925P|25610000|2.50|2.50|2.60|3.00|4.50|17.00|45.00|125.00|-1|

1925S|5850000|2.50|2.50|3.00|7.00|30.00|90.00|275.00|800.00|-1|

1926D|6828000|2.50|2.50|3.00|6.00|17.00|60.00|150.00|350.00|-1|

1926P|32160000|2.50|2.50|2.60|3.00|4.50|15.00|35.00|130.00|-1|

1926S|1520000|4.50|7.00|14.00|32.00|140.00|550.00|850.00|1800.00|-1|

1927D|4812000|2.50|2.50|3.00|12.00|35.00|110.00|225.00|725.00|-1|

1927P|28080000|2.50|2.50|2.60|3.00|4.00|13.00|32.00|80.00|-1|

1927S|4770000|2.50|2.50|2.60|4.00|15.00|120.00|275.00|800.00|-1|

1928D|4161000|2.50|2.50|4.00|10.00|24.00|85.00|180.00|475.00|-1|

1928P|19480000|2.50|2.50|2.60|3.00|4.50|25.00|30.00|70.00|-1|

1928S|7400000|2.50|2.50|2.60|3.00|8.00|35.00|160.00|265.00|-1|

1929D|5034000|2.50|2.50|2.60|4.00|8.00|17.00|22.00|40.00|-1|

1929P|25970000|2.50|2.50|2.60|2.75|3.00|13.00|20.00|40.00|-1|

1929S|4730000|2.50|2.50|2.60|2.75|5.00|18.00|25.00|60.00|-1|

1930P|6770000|2.50|2.50|2.60|2.75|4.50|15.00|25.00|60.00|-1|

1930S|1843000|2.50|2.50|3.00|3.80|8.00|30.00|65.00|110.00|-1|

1931D|1260000|4.00|5.00|7.00|11.00|18.00|48.00|75.00|140.00|-1|

1931P|3150000|2.50|2.50|2.60|3.00|5.00|20.00|40.00|80.00|-1|

1931S|1800000|2.75|3.00|3.50|5.00|8.50|38.00|75.00|150.00|-1|

1934D|6772000|2.50|2.50|2.60|2.60|20.00|30.00|45.00|-1|

1934P|24080000|2.50|2.50|2.60|2.60|10.00|15.00|25.00|-1|

1935D|10477000|2.50|2.50|2.60|2.60|20.00|25.00|50.00|-1|

1935P|58830000|2.50|2.50|2.60|2.60|6.50|9.00|18.00|-1|

1935S|15840000|2.50|2.50|2.60|2.60|12.00|16.00|25.00|-1|

1936D|16132000|2.50|2.50|2.60|2.60|14.00|20.00|30.00|-1|

1936P|87500000|2.50|2.50|2.60|2.60|5.00|12.00|16.00|750.00|4130|

1936S|9210000|2.50|2.50|2.60|2.60|12.00|15.00|22.00|-1|

1937D|14146000|2.50|2.50|2.60|2.60|14.00|16.00|24.00|-1|

1937P|56860000|2.50|2.50|2.60|2.60|4.50|9.00|15.00|350.00|5756|

1937S|9740000|2.50|2.50|2.60|2.60|12.00|15.00|22.00|-1|

1938D|5537000|2.50|2.50|2.60|2.60|9.00|10.00|16.00|-1|

1938P|22190000|2.50|2.50|2.60|2.60|7.00|9.00|15.00|175.00|8728|

1938S|8090000|2.50|2.50|2.60|2.60|8.00|9.00|16.00|-1|

1939D|24394000|2.50|2.50|2.60|2.60|4.50|8.00|16.00|-1|

1939P|67740000|2.50|2.50|2.60|2.60|4.50|8.00|15.00|165.00|9321|

1939S|10540000|2.50|2.50|2.60|2.60|12.00|15.00|24.00|-1|

1940D|21198000|2.50|2.50|2.60|2.60|4.50|9.00|16.00|-1|

1940P|65350000|2.50|2.50|2.60|2.60|4.50|7.00|15.00|150.00|11827|

1940S|21560000|2.50|2.50|2.60|2.60|4.50|8.00|16.00|-1|

1941D|45634000|2.50|2.50|2.60|2.60|4.50|9.00|16.00|-1|

1941P|175090000|2.50|2.50|2.60|2.60|4.50|7.00|15.00|140.00|16557|

1941S|43090000|2.50|2.50|2.60|2.60|4.50|8.00|16.00|-1|

1942D|60740000|2.50|2.50|2.60|2.60|5.50|9.00|16.00|-1|

1942D,:42:Over:41|-1|275.00|375.00|400.00|500.00|1250.00|2400.00|4500.00|-1|

1942P,:42:Over:41|-1|275.00|375.00|400.00|500.00|1250.00|2200.00|8500.00|-1|

1942P|205410000|2.50|2.50|2.60|2.60|4.50|7.00|15.00|140.00|22329|

1942S|49300000|2.50|2.50|2.60|2.60|6.50|9.00|16.00|-1|

1943D|71949000|2.50|2.50|2.60|2.60|5.50|7.00|16.00|-1|

1943P|191710000|2.50|2.50|2.60|2.60|4.50|6.00|15.00|-1|

1943S|60400000|2.50|2.50|2.60|2.60|5.50|7.00|15.00|-1|

1944D|62224000|2.50|2.50|2.60|2.60|4.50|6.00|15.00|-1|

1944P|231410000|2.50|2.50|2.60|2.60|4.50|6.00|15.00|-1|

1944S|49490000|2.50|2.50|2.60|2.60|4.50|6.00|15.00|-1|

1945D|40245000|2.50|2.50|2.60|2.60|4.50|6.00|16.00|-1|

1945P|159130000|2.50|2.50|2.60|2.60|4.50|6.00|15.00|-1|

1945S|41920000|2.50|2.50|2.60|2.60|4.50|7.00|16.00|-1|

1945S,:Micro:S|-1|2.50|2.50|2.60|2.75|10.00|15.00|45.00|-1|
