YEAR|MINTAGE|VF-20|EF-40|AU-50|AU-55|MS-60|MS-63|PF-63|Paren

1840|18859|275|500|1600|2000|4000|8000|-1|
1840C|12822|1000|1500|2250|2750|7500|20000|-1|
1840D|3532|1850|4500|6500|8500|22000|-1|-1|
1840O|33580|275|500|1250|1500|6500|18000|-1|

1841|-1|40000|75000|95000|125000|-1|-1|-1|
1841C|10281|1000|1350|2250|2750|10000|32000|-1|
1841D|4164|1550|3000|6000|7500|15000|35000|-1|
1842|2823|850|2000|4000|5500|12500|30000|-1|
1842C|6729|1550|2250|4500|6250|15000|32500|-1|
1842D|4643|1500|3000|6500|8250|25000|55000|-1|
1842O|19800|275|650|1500|2200|6500|20000|-1|
1843|100546|275|300|500|750|1500|4500|-1|
1843C|26064|1000|1250|2000|3250|5500|13500|-1|
1843D|36209|1000|1500|1800|2500|4500|20000|-1|
1843O|364002|275|300|325|375|1000|4500|-1|
1844|6784|275|500|1350|1800|5000|15000|-1|
1844C|11622|1000|1500|3500|4500|12000|32500|-1|
1844D|17332|1200|1350|2000|2500|4500|18000|-1|
1845|91051|275|300|315|450|750|3500|-1|
1845D|19460|1100|1350|2000|3000|6500|25000|-1|
1845O|4000|650|1500|5500|7750|13500|34500|-1|
1846|21598|275|300|500|750|3500|15000|-1|
1846C|4808|1200|2000|3500|5500|12500|23500|-1|
1846D|62000|1250|1850|2500|3500|6500|20000|-1|
1846O|29814|275|300|500|650|2200|5500|-1|
1847|29814|275|300|500|650|2200|5500|-1|
1847C|23226|1000|1350|2000|3000|4500|10000|-1|
1847D|15784|1100|1500|2000|3000|5500|15000|-1|
1847O|124000|275|300|750|1250|3000|13500|-1|
1848|6500|375|550|1250|1450|3500|10000|-1|

1848C|16788|900|1450|2250|3000|8500|26000|-1|
1848D|13771|1000|1500|2350|2750|6500|23500|-1|
1849|23294|275|300|550|650|1500|4750|-1|
1849C|10220|950|1450|3250|4250|12500|35000|-1|
1849D|10945|1000|1500|2250|2850|9500|26000|-1|
1850|252923|275|300|325|375|675|2500|-1|
1850C|9148|950|1350|2250|2750|7000|26000|-1|
1850D|12148|1000|1500|2350|2850|10500|30000|-1|

1850O|84000|275|300|700|850|2750|10000|-1|
1851|1372748|275|300|315|325|400|900|-1|
1851C|14923|1000|1450|2200|2500|6000|21000|-1|
1851D|11264|1100|1600|2400|2750|6750|25000|-1|
1851O|148000|275|325|500|650|2500|9500|-1|
1852|1159681|275|300|315|325|400|925|-1|
1852C|9772|950|1500|2750|3250|9500|23500|-1|
1852D|4078|1000|2000|4500|5500|10000|32000|-1|
1852O|140000|275|300|550|750|3000|7500|-1|
1853|1404668|275|300|315|325|400|900|-1|
1853D|3178|1350|2250|3500|4200|9000|35000|-1|
1854|596278|275|300|315|325|400|950|-1|
1854C|7295|950|1500|3000|4500|7500|25000|-1|
1854D|1760|2250|4750|7500|9500|17500|50000|-1|
1854O|153000|300|325|350|400|1000|6000|-1|
1854S|246|100000|150000|250000|-1|-1|-1|-1|
1855|235480|275|300|315|325|400|1000|-1|
1855C|3677|1100|2000|3000|3500|14500|30000|-1|
1855D|1123|2250|5000|8500|11000|35000|60000|-1|
1856|384240|275|300|315|325|400|900|45000|-1
1856C|7913|950|1850|2500|3000|8500|22000|-1|
1856D|874|4500|8500|22500|27500|50000|95000|-1|
1856O|21100|275|475|850|1150|4500|20000|-1|
1856S|72120|300|325|650|750|2750|7500|-1|
1857|214130|275|300|315|325|400|1000|35000|-1
1857D|2364|1000|1800|2500|3000|8000|22000|-1|
1857O|34000|275|325|650|850|3000|9500|-1|
1857S|69200|300|325|650|850|3000|9500|-1|
1858|47377|275|300|315|325|700|1150|25000|-1
1858C|9056|950|1500|2500|3000|7000|25000|-1|
1859|39364|275|300|315|350|850|2250|15000|80
1859D|2244|1250|2000|2500|4000|12500|45000|-1|
1859S|15200|300|675|1550|1850|3000|12500|-1|
1860|22563|275|300|315|325|750|2000|15000|112
1860C|7469|1000|1500|2500|5000|14000|25000|-1|
1860S|35600|275|450|750|900|2500|10000|-1|
1861|1283788|275|300|315|325|550|1250|15000|90
1861S|24000|325|600|2000|3000|5000|11500|-1|
1862,:2:Over:1|-1|650|1350|2750|3500|6500|10000|-1|
1862|98508|275|400|1250|1550|5000|11000|13500|35
1862S|8000|500|1350|3000|4000|12500|25000|-1|
1863|-1|-1|-1|-1|-1|-1|-1|40000|30
1863S|10800|375|1000|2250|3500|9000|20000|-1|
1864|2824|4000|9500|15000|20000|35000|-1|12500|50
1865|1520|3000|5000|12000|15000|27500|-1|12500|25
1865S|23376|275|475|950|1350|3000|7000|-1|
1866|3080|750|2500|4000|5500|8000|18000|10000|30
1866S|38960|275|450|925|1550|4500|14000|-1|
1867|3200|300|500|750|1250|3500|6000|10000|50
1867S|28000|275|425|1000|1350|3000|8000|-1|
1868|3600|275|300|450|675|1250|5000|10000|25

1868S|34000|275|300|750|950|2500|8000|-1|
1869|4320|275|325|450|850|2000|7500|7000|25
1869S|29500|275|350|550|1000|2750|6000|-1|
1870|4520|275|325|500|900|2750|6500|7500|35
1870S|16000|275|300|550|1150|3000|10000|-1|
1871|5320|275|300|425|600|1500|3000|7500|30
1871S|22000|275|300|400|550|1500|3000|-1|
1872|3000|300|550|750|1650|3000|10000|6500|30
1872S|18000|275|300|600|1100|3250|8000|-1|
1873|178000|255|275|315|325|400|900|6000|25
1873S|27000|255|300|500|750|1800|5500|-1|
1874|3920|255|275|450|700|1500|4500|8500|20
1875|400|2750|4500|7500|9000|18000|30000|20000|20
1875S|11600|255|300|500|850|2500|6000|-1|
1876|4176|255|450|600|1100|2250|4500|6500|45
1876S|5000|255|400|600|1300|2000|6750|-1|
1877|1632|255|550|750|1150|2000|6500|6500|20
1877S|35400|255|275|315|325|450|1750|-1|
1878|286240|255|275|300|305|400|650|9000|20
1878S|178000|255|275|315|325|400|1250|-1|
1879|88960|255|275|315|325|400|750|6500|30
1879S|43500|255|275|315|325|400|3250|-1|
1880|2960|325|350|500|650|1000|2500|6500|36
1881|640|1250|2000|4500|5000|7500|15000|6500|51
1882|4000|275|300|325|375|500|2000|5000|67
1883|1920|275|350|600|900|1800|5000|5000|82
1884|1950|275|300|425|575|1000|2500|5000|73
1885|800|575|1250|1850|2000|3000|5000|5000|87
1886|4000|275|300|325|375|750|2000|5000|88
1887|6160|275|300|315|325|550|2000|4750|122
1888|16001|255|275|315|325|400|550|4750|97
1889|17600|255|275|315|325|400|600|4750|48
1890|8720|255|275|315|325|400|1000|4750|93
1891|10960|255|275|315|325|400|900|4750|80
1892|2440|275|300|315|325|450|1500|4750|105
1893|30000|255|275|315|325|400|550|4750|106
1894|4000|255|300|325|350|450|1250|4750|122
1895|6000|255|275|315|325|400|700|4750|119
1896|19070|255|275|300|305|400|550|4750|132
1897|29768|255|275|300|305|400|550|4750|136
1898|24000|255|275|300|305|400|550|4750|165
1899|27200|255|275|300|305|400|550|4750|150
1900|67000|255|275|300|305|400|550|4750|205
1901|91100|255|275|300|305|400|550|4750|223
1902|133540|255|275|300|305|400|550|4750|193
1903|201060|255|275|300|305|400|550|4750|197
1904|160790|255|275|300|305|400|550|4750|170
1905|217800|255|275|300|305|400|550|4750|144
1906|176330|255|275|300|305|400|550|4750|160
1907|336294|255|275|300|305|400|550|4750|154