YEAR|MINTAGE|VF-20|EF-40|AU-50|AU-55|MS-60|MS-63|PF-63|Paren|ADDITIONAL_INFO

1838P|7200|2000.00|4750.00|10000.00|12500.00|30000.00|75000.00|-1|

1839P,:Large:Letters|25801|850.00|1500.00|4000.00|5000.00|20000.00|40000.00|-1|

1839P,:Small:Letters|12447|1100.00|2300.00|4500.00|6000.00|22000.00|70000.00|-1|

1840P|47338|800.00|875.00|950.00|1200.00|7000.00|-1|

1841O|2500|2250.00|4750.00|13500.00|17500.00|32500.00|-1|

1841P|63131|800.00|825.00|850.00|1000.00|5500.00|22000.00|-1|

1842O|27400|850.00|950.00|2000.00|2500.00|13500.00|-1|

1842P|81507|800.00|825.00|900.00|1075.00|10000.00|22000.00|-1|

1843O|175162|800.00|825.00|950.00|1100.00|8500.00|32000.00|-1|

1843P|75462|800.00|825.00|1000.00|1250.00|12000.00|-1|

1844O|118700|825.00|850.00|1250.00|1550.00|8750.00|-1|

1844P|6361|900.00|2000.00|3500.00|4000.00|10000.00|-1|

1845O|47500|850.00|900.00|1800.00|2250.00|10000.00|30000.00|-1|

1845P|26153|800.00|825.00|1250.00|1550.00|10000.00|-1|

1846O|81780|825.00|875.00|2500.00|3250.00|10000.00|25000.00|-1|

1846P|20095|800.00|900.00|3500.00|4000.00|14000.00|-1|

1847O|571500|825.00|850.00|900.00|975.00|4000.00|13000.00|-1|

1847P|862258|800.00|825.00|850.00|875.00|2500.00|15000.00|-1|

1848O|35850|850.00|900.00|2350.00|2750.00|11000.00|20000.00|-1|

1848P|145484|800.00|825.00|850.00|875.00|3500.00|15000.00|-1|

1849O|23900|850.00|1600.00|4000.00|5250.00|18000.00|-1|

1849P|653618|800.00|825.00|850.00|875.00|2500.00|10000.00|-1|

1850O|57500|850.00|875.00|1250.00|1500.00|12000.00|-1|

1850P|291451|800.00|825.00|850.00|875.00|2750.00|13000.00|-1|

1851O|263000|825.00|875.00|900.00|1000.00|4500.00|17000.00|-1|

1851P|176328|800.00|825.00|850.00|875.00|3000.00|15000.00|-1|

1852O|18000|850.00|950.00|2500.00|3250.00|18000.00|-1|

1852P|263106|800.00|825.00|850.00|875.00|3500.00|16000.00|-1|

1853O|51000|825.00|850.00|900.00|1000.00|8500.00|-1|

1853P|-1|800.00|825.00|850.00|875.00|2500.00|13000.00|-1|

1853P,:3:Over:2|201253|800.00|950.00|1500.00|1750.00|10000.00|-1|

1854O|52500|800.00|825.00|850.00|1450.00|6500.00|23000.00|-1|

1854P|54250|800.00|825.00|850.00|875.00|3500.00|-1|

1854S|123826|800.00|850.00|950.00|1150.00|6500.00|25000.00|-1|

1855O|18000|900.00|1250.00|4500.00|6500.00|18000.00|-1|

1855P|121701|800.00|825.00|850.00|875.00|3000.00|12000.00|-1|

1855S|9000|1500.00|2300.00|4250.00|6000.00|19000.00|-1|

1856O|14500|825.00|1100.00|2750.00|3500.00|12000.00|-1|

1856P|60490|800.00|825.00|850.00|875.00|2500.00|12000.00|-1|

1856S|68000|800.00|825.00|900.00|1100.00|6000.00|-1|

1857O|5500|900.00|1250.00|3000.00|3750.00|20000.00|-1|

1857P|16606|800.00|825.00|1250.00|1450.00|7000.00|-1|

1857S|26000|825.00|900.00|1500.00|1850.00|7000.00|13000.00|-1|

1858O|20000|825.00|900.00|1250.00|1500.00|6000.00|23000.00|-1|

1858P|2521|3500.00|6000.00|8500.00|10500.00|25000.00|-1|

1858S|11800|1100.00|2000.00|3000.00|3750.00|22000.00|-1|

1859O|2300|3250.00|7500.00|15000.00|20000.00|40000.00|-1|

1859P|16013|800.00|825.00|900.00|950.00|6000.00|12000.00|45000.00|80|

1859S|7000|1550.00|3000.00|8500.00|11000.00|30000.00|-1|

1860O|11100|900.00|1150.00|2250.00|2750.00|8000.00|-1|

1860P|15055|800.00|825.00|900.00|1000.00|5000.00|12000.00|31000.00|50|

1860S|5000|1850.00|3250.00|8000.00|10000.00|27500.00|-1|

1861P|113164|800.00|825.00|850.00|875.00|4000.00|12000.00|30000.00|69|

1861S|15500|1000.00|1850.00|4000.00|5000.00|22000.00|-1|

1862P|10960|800.00|850.00|1500.00|1750.00|8000.00|18000.00|30000.00|35|

1862S|12500|1250.00|2250.00|3250.00|4000.00|24000.00|-1|

1863P|1218|2750.00|5500.00|8500.00|9500.00|30000.00|50000.00|30000.00|30|

1863S|10000|1250.00|2400.00|6000.00|8000.00|15000.00|-1|

1864P|3530|1250.00|2500.00|5000.00|7500.00|10000.00|30000.00|50|

1864S|2500|3000.00|7000.00|14000.00|16000.00|36000.00|-1|

1865P|3980|1300.00|2500.00|4000.00|6000.00|23000.00|37500.00|30000.00|25|

1865S|16700|2350.00|4000.00|10000.00|12500.00|30000.00|50000.00|-1|

1866S|8500|1600.00|2200.00|7000.00|8500.00|30000.00|-1|
