YEAR|MINTAGE|VF-20|EF-40|AU-50|AU-55|MS-60|MS-63|PF-63|Paren|ADDITIONAL_INFO

1856D|1460|2750.00|4250.00|5000.00|6500.00|19000.00|45000.00|-1|

1856P|1762936|200.00|215.00|220.00|225.00|250.00|700.00|18500.00|-1|

1857C|13280|775.00|1100.00|2100.00|2750.00|7500.00|22000.00|-1|

1857D|3533|900.00|1350.00|2750.00|3500.00|7000.00|25000.00|-1|

1857P|774789|200.00|215.00|220.00|225.00|250.00|700.00|8500.00|-1|

1857S|10000|375.00|450.00|850.00|1100.00|4250.00|14000.00|-1|

1858D|3477|900.00|1150.00|2250.00|2750.00|6500.00|17000.00|-1|

1858P|117995|200.00|215.00|220.00|225.00|250.00|700.00|5000.00|-1|

1858S|10000|275.00|375.00|1000.00|1300.00|4250.00|12500.00|-1|

1859C|5235|800.00|1150.00|2250.00|2750.00|7250.00|23500.00|-1|

1859D|4952|900.00|1250.00|2100.00|2500.00|6750.00|16500.00|-1|

1859P|168244|200.00|215.00|220.00|235.00|275.00|825.00|4500.00|80|

1859S|15000|225.00|275.00|875.00|1150.00|4250.00|10000.00|-1|

1860D|1566|1800.00|2750.00|5500.00|6750.00|12500.00|40000.00|-1|

1860P|36514|200.00|215.00|220.00|235.00|275.00|750.00|4000.00|154|

1860S|13000|275.00|375.00|575.00|775.00|2000.00|4500.00|-1|

1861D|1250|6500.00|12500.00|24500.00|28500.00|40000.00|67500.00|-1|

1861P|527150|200.00|215.00|220.00|225.00|275.00|600.00|4000.00|349|

1862P|1361355|200.00|215.00|220.00|225.00|275.00|600.00|4250.00|35|

1863P|6200|450.00|1000.00|2250.00|2750.00|4500.00|7500.00|5000.00|50|

1864P|5900|300.00|375.00|650.00|850.00|950.00|2250.00|6000.00|50|

1865P|3725|300.00|450.00|600.00|700.00|1150.00|2250.00|5000.00|25|

1866P|7100|300.00|375.00|550.00|750.00|800.00|1650.00|4750.00|30|

1867P|5200|300.00|375.00|500.00|650.00|850.00|1650.00|5000.00|50|

1868P|10500|225.00|325.00|375.00|550.00|750.00|1650.00|5000.00|25|

1869P|5900|275.00|375.00|500.00|600.00|775.00|1500.00|5000.00|25|

1870P|6300|225.00|325.00|375.00|475.00|650.00|1250.00|5000.00|35|

1870S|3000|375.00|550.00|950.00|1100.00|1850.00|4500.00|-1|

1871P|3900|225.00|325.00|375.00|475.00|600.00|1100.00|4500.00|30|

1872P|3500|225.00|300.00|375.00|475.00|675.00|1500.00|5000.00|30|

1873P,:Close:3|1800|300.00|600.00|675.00|725.00|1150.00|2500.00|8500.00|25|

1873P,:Open:3|123300|200.00|215.00|220.00|225.00|275.00|600.00|-1|

1874P|198800|200.00|215.00|220.00|225.00|275.00|600.00|6000.00|20|

1875P|400|1600.00|2850.00|3750.00|4500.00|6750.00|9000.00|12000.00|20|

1876P|3200|225.00|275.00|375.00|425.00|500.00|850.00|4000.00|45|

1877P|3900|215.00|275.00|375.00|425.00|500.00|850.00|5000.00|20|

1878P|3000|215.00|275.00|375.00|425.00|500.00|850.00|4500.00|20|

1879P|3000|215.00|225.00|250.00|275.00|350.00|800.00|4500.00|30|

1880P|1600|210.00|215.00|220.00|235.00|350.00|750.00|4000.00|36|

1881P|7620|210.00|225.00|215.00|225.00|350.00|775.00|4000.00|87|

1882P|5000|210.00|225.00|250.00|275.00|350.00|775.00|4500.00|125|

1883P|10800|200.00|225.00|250.00|265.00|350.00|775.00|4000.00|207|

1884P|5230|200.00|215.00|225.00|235.00|350.00|775.00|4000.00|1006|

1885P|11156|200.00|225.00|250.00|265.00|350.00|700.00|3750.00|1105|

1886P|5000|200.00|215.00|220.00|225.00|350.00|700.00|3750.00|1016|

1887P|7500|200.00|215.00|220.00|225.00|350.00|700.00|3750.00|1043|

1888P|15501|200.00|215.00|220.00|225.00|325.00|600.00|3750.00|1079|

1889P|28950|200.00|215.00|220.00|225.00|325.00|600.00|3750.00|1779|
