YEAR|MINTAGE|G-4|VG-8|F-12|VF-20|EF-40|AU-50|MS-60|MS-63|PF-63|Paren

1851|5447400|13|16|18|24|33|70|90|150|-1|-1
1851O|720000|16|20|25|47|75|110|180|260|-1|-1
1852|18663500|13|16|18|24|33|70|85|150|-1|-1
1853|11400000|13|16|18|24|33|70|85|150|-1|-1
1854|671000|14|17|20|26|55|115|175|325|6000|-1
1855|139000|16|28|30|50|100|135|275|450|2200|-1
1856|1458000|13|16|26|50|100|150|320|1800|-1
1857|1042000|13|16|26|50|100|150|320|1800|-1
1858|1603700|13|16|26|50|90|150|320|1200|210
1859|364200|13|16|20|26|35|75|90|175|275|810
1860|286000|13|16|20|26|35|75|90|175|275|1000
1861|497000|13|16|20|26|35|75|90|175|275|1000
1862,:2/1|-1|13|16|20|26|35|90|110|225|-1|-1
1862|343000|13|16|20|26|35|75|90|175|285|550
1863|21000|-1|-1|-1|150|200|275|350|550|320|460
1864|12000|-1|-1|-1|150|200|275|350|550|310|470

1865|8000|-1|-1|-1|175|200|300|375|525|315|500
1866|22000|-1|-1|-1|150|175|275|350|500|315|725
1867|4000|-1|-1|-1|175|200|300|375|525|315|625
1868|3500|-1|-1|-1|175|200|300|375|600|315|600
1869|4500|-1|-1|-1|175|200|300|375|500|315|600
1870|3000|-1|-1|-1|175|200|300|375|500|325|1000
1871|3400|-1|-1|-1|175|200|300|375|500|325|960
1872|1000|-1|-1|-1|200|225|300|375|600|350|950
1873|-1|-1|-1|-1|-1|400|-1|-1|-1|700|600