YEAR|MINTAGE|G-4|VG-8|F-12|VF-20|EF-40|AU-50|MS-60|MS-63|PF-63|Paren|ADDITIONAL_INFO

1840P|-1|2750.00|-1|

1840P,:Restrike|-1|2750.00|-1|

1841P|-1|2500.00|-1|

1841P,:Restrike|-1|2500.00|-1|

1842P,:Restrike|-1|2500.00|-1|

1842P|-1|3000.00|-1|

1843P|-1|2750.00|-1|

1843P,:Restrike|-1|2500.00|-1|

1844P|-1|3000.00|-1|

1844P,:Restrike|-1|2600.00|-1|

1845P|-1|3000.00|-1|

1845P,:Restrike|-1|2750.00|-1|

1846P,:Restrike|-1|2750.00|-1|

1846P|-1|3000.00|-1|

1847P|-1|3000.00|-1|

1847P,:Restrike|-1|2750.00|-1|

1848P|-1|3000.00|-1|

1848P,:Restrike|-1|2750.00|-1|

1849P,:Small:Date|-1|2750.00|-1|

1849P,:Restrike:-:Small:Date|-1|2750.00|-1|

1849P,:Large:Date|39864|17.00|23.00|30.00|40.00|75.00|100.00|225.00|300.00|-1|

1850P|39812|17.00|23.00|30.00|40.00|75.00|100.00|225.00|350.00|4000.00|-1|

1851P|147672|15.00|20.00|28.00|35.00|50.00|80.00|135.00|250.00|3000.00|-1|

1852P|-1|3500.00|-1|

1853P|129694|15.00|20.00|28.00|35.00|50.00|80.00|135.00|250.00|-1|

1854P|55358|15.00|20.00|28.00|35.00|50.00|80.00|135.00|250.00|3000.00|-1|

1855P|56500|15.00|20.00|28.00|35.00|50.00|80.00|135.00|250.00|3000.00|-1|

1856P|40430|17.00|22.00|30.00|40.00|60.00|85.00|150.00|275.00|3000.00|-1|

1857P|35180|18.00|25.00|45.00|70.00|85.00|130.00|195.00|320.00|3000.00|-1|
