YEAR|MINTAGE|AG-3|G-4|VG-8|F-12|VF-20|EF-40|AU-50|MS-60|MS-63|Paren|ADDITIONAL_INFO

1809P|1154572|14.00|25.00|30.00|35.00|55.00|90.00|155.00|335.00|460.00|-1|

1810P|215000|14.00|25.00|35.00|60.00|110.00|250.00|450.00|950.00|1500.00|-1|

1811P|63140|50.00|125.00|275.00|750.00|1100.00|2900.00|3750.00|4500.00|6750.00|-1|

1825P|63000|25.00|30.00|35.00|50.00|90.00|150.00|450.00|800.00|-1|

1826P|234000|25.00|30.00|35.00|50.00|85.00|125.00|275.00|450.00|-1|

1828P,:13:Stars|606000|23.00|30.00|35.00|45.00|55.00|120.00|190.00|275.00|-1|

1828P,:12:Stars|-1|24.00|35.00|40.00|50.00|125.00|175.00|650.00|900.00|-1|

1829P|487000|23.00|30.00|35.00|45.00|65.00|95.00|175.00|325.00|-1|

1831P|2200|-1|

1832P|51000|23.00|28.00|32.00|40.00|55.00|95.00|175.00|250.00|2750.00|-1|

1833P|103000|23.00|28.00|32.00|40.00|55.00|95.00|175.00|250.00|2750.00|-1|

1834P|141000|23.00|28.00|32.00|40.00|55.00|95.00|175.00|250.00|2750.00|-1|

1835P|398000|23.00|28.00|32.00|40.00|55.00|95.00|175.00|250.00|2750.00|-1|

1836P|-1|8000.00|-1|
