YEAR|MINTAGE|AG-3|G-4|VG-8|F-12|VF-20|EF-40|AU-50|Paren|ADDITIONAL_INFO

1800P|202908|16.00|35.00|45.00|60.00|150.00|300.00|500.00|-1|

1802P,:2:Over:0|20266|130.00|360.00|800.00|1850.00|5000.00|13500.00|-1|

1803P|92000|16.00|35.00|50.00|70.00|160.00|450.00|700.00|-1|

1804P,:All:Kinds|1055312|-1|

1804P,:Plain:4:-:Stems:to:Wreath|-1|18.00|40.00|60.00|95.00|175.00|470.00|1000.00|-1|

1804P,:Plain:4:-:Stemless:Wreath|-1|16.00|35.00|45.00|70.00|95.00|160.00|300.00|-1|

1804P,:Crosslet:4:-:Stemless:Wreath|-1|16.00|35.00|45.00|70.00|95.00|160.00|300.00|-1|

1804P,:Crosslet:4:-:Stems:to:Wreath|-1|16.00|35.00|45.00|70.00|95.00|160.00|300.00|-1|

1804P,:Spiked:Chain|-1|17.00|40.00|50.00|75.00|110.00|200.00|370.00|-1|

1805P,:Small:5:-:Stemless:Wreath|-1|110.00|380.00|710.00|1750.00|3100.00|5250.00|-1|

1805P,:Large:5:-:Stemless:Wreath|-1|16.00|35.00|45.00|70.00|100.00|160.00|300.00|-1|

1805P,:All:Kinds|814464|-1|

1805P,:Medium:5:-:Stemless:Wreath|-1|16.00|35.00|45.00|70.00|100.00|160.00|300.00|-1|

1806P,:All:Kinds|356000|-1|

1806P,:Small:6:-:Stems:to:Wreath|-1|40.00|110.00|185.00|325.00|750.00|1400.00|3750.00|-1|

1806P,:Small:6:-:Stemless:Wreath|-1|16.00|35.00|45.00|55.00|75.00|145.00|290.00|-1|

1806P,:Large:6:-:Stems:to:Wreath|-1|16.00|35.00|45.00|55.00|75.00|145.00|290.00|-1|

1807P|476000|16.00|35.00|45.00|60.00|100.00|225.00|500.00|-1|

1808P,:Normal:Date|400000|16.00|35.00|45.00|60.00|100.00|225.00|500.00|-1|

1808P,:8:Over:7|-1|30.00|70.00|125.00|280.00|700.00|1750.00|4750.00|-1|
